x[n]	n	filled node (<-- root) (* denotes tiebreaker)
------------------------------------------------------------
1*	1	1
0	2	0
0*	3	00
1	4	01
1*	5	11
0	6	10
0*	7	100
1*	8	001
0*	9	010
1	10	101
1	11	011
1*	12	111
0	13	110
0*	14	1100
0	15	000
1*	16	0001
0*	17	0010
1*	18	0101
0*	19	1010
0	20	0100
1*	21	1001
1	22	0011
0*	23	0110
1	24	1101
1	25	1011
1	26	0111
1*	27	1111
0	28	1110
0*	29	11100
0	30	1000
0	31	0000
1*	32	00001
0*	33	00010
1*	34	00101
0*	35	01010
1*	36	10101
1	37	01011
0*	38	10110
1*	39	01101
0*	40	11010
0	41	10100
1*	42	01001
0*	43	10010
0	44	00100
0	45	01000
1*	46	10001
1	47	00011
0*	48	00110
0	49	01100
1*	50	11001
1	51	10011
1	52	00111
0*	53	01110
1	54	11101
1	55	11011
1	56	10111
1	57	01111
1*	58	11111
0	59	11110
0*	60	111100
0	61	11000
0	62	10000
0	63	00000
1*	64	000001
0*	65	000010
1*	66	000101
0*	67	001010
1*	68	010101
0*	69	101010
0	70	010100
1*	71	101001
0*	72	010010
1*	73	100101
1	74	001011
0*	75	010110
1*	76	101101
0*	77	011010
1*	78	110101
1	79	101011
1	80	010111
0*	81	101110
1*	82	011101
0*	83	111010
0	84	110100
0	85	101000
1*	86	010001
0*	87	100010
0	88	000100
1*	89	001001
1	90	010011
0*	91	100110
1*	92	001101
1	93	011011
0*	94	110110
0	95	101100
1*	96	011001
0*	97	110010
0	98	100100
0	99	001000
0	100	010000
1*	101	100001
1	102	000011
0*	103	000110
0	104	001100
0	105	011000
1*	106	110001
1	107	100011
1	108	000111
0*	109	001110
0	110	011100
1*	111	111001
1	112	110011
1	113	100111
1	114	001111
0*	115	011110
1	116	111101
1	117	111011
1	118	110111
1	119	101111
1	120	011111
1*	121	111111
0	122	111110
0*	123	1111100
0	124	111000
0	125	110000
0	126	100000
0	127	000000
1*	128	0000001
0*	129	0000010
1*	130	0000101
0*	131	0001010
1*	132	0010101
0*	133	0101010
1*	134	1010101
1	135	0101011
0*	136	1010110
1*	137	0101101
0*	138	1011010
1*	139	0110101
0*	140	1101010
0	141	1010100
1*	142	0101001
0*	143	1010010
1*	144	0100101
0*	145	1001010
0	146	0010100
0	147	0101000
1*	148	1010001
0*	149	0100010
1*	150	1000101
1	151	0001011
0*	152	0010110
0	153	0101100
1*	154	1011001
0*	155	0110010
1*	156	1100101
1	157	1001011
1	158	0010111
0*	159	0101110
1*	160	1011101
0*	161	0111010
1*	162	1110101
1	163	1101011
1	164	1010111
1	165	0101111
0*	166	1011110
1*	167	0111101
0*	168	1111010
0	169	1110100
1*	170	1101001
1	171	1010011
0*	172	0100110
1*	173	1001101
0*	174	0011010
0	175	0110100
0	176	1101000
0	177	1010000
1*	178	0100001
0*	179	1000010
0	180	0000100
1*	181	0001001
0*	182	0010010
0	183	0100100
1*	184	1001001
1	185	0010011
1	186	0100111
0*	187	1001110
1*	188	0011101
1	189	0111011
0*	190	1110110
1*	191	1101101
1	192	1011011
0*	193	0110110
0	194	1101100
0	195	1011000
1*	196	0110001
0*	197	1100010
0	198	1000100
0	199	0001000
1*	200	0010001
1	201	0100011
0*	202	1000110
1*	203	0001101
1	204	0011011
1	205	0110111
0*	206	1101110
0	207	1011100
1*	208	0111001
0*	209	1110010
0	210	1100100
0	211	1001000
0	212	0010000
0	213	0100000
1*	214	1000001
1	215	0000011
0*	216	0000110
0	217	0001100
1*	218	0011001
1	219	0110011
0*	220	1100110
0	221	1001100
0	222	0011000
0	223	0110000
1*	224	1100001
1	225	1000011
1	226	0000111
0*	227	0001110
0	228	0011100
0	229	0111000
1*	230	1110001
1	231	1100011
1	232	1000111
1	233	0001111
0*	234	0011110
0	235	0111100
1*	236	1111001
1	237	1110011
1	238	1100111
1	239	1001111
1	240	0011111
0*	241	0111110
1	242	1111101
1	243	1111011
1	244	1110111
1	245	1101111
1	246	1011111
1	247	0111111
1*	248	1111111
0	249	1111110
0*	250	11111100
0	251	1111000
0	252	1110000
0	253	1100000
0	254	1000000
0	255	0000000
1*	256	00000001
0*	257	00000010
1*	258	00000101
0*	259	00001010
1*	260	00010101
0*	261	00101010
1*	262	01010101
0*	263	10101010
0	264	01010100
1*	265	10101001
0*	266	01010010
1*	267	10100101
0*	268	01001010
1*	269	10010101
1	270	00101011
0*	271	01010110
1*	272	10101101
0*	273	01011010
1*	274	10110101
0*	275	01101010
1*	276	11010101
1	277	10101011
1	278	01010111
0*	279	10101110
1*	280	01011101
0*	281	10111010
1*	282	01110101
0*	283	11101010
0	284	11010100
0	285	10101000
1*	286	01010001
0*	287	10100010
1*	288	01000101
0*	289	10001010
0	290	00010100
1*	291	00101001
1	292	01010011
0*	293	10100110
1*	294	01001101
0*	295	10011010
1*	296	00110101
1	297	01101011
0*	298	11010110
0	299	10101100
1*	300	01011001
0*	301	10110010
1*	302	01100101
0*	303	11001010
0	304	10010100
0	305	00101000
0	306	01010000
1*	307	10100001
0*	308	01000010
1*	309	10000101
1	310	00001011
0*	311	00010110
1*	312	00101101
1	313	01011011
0*	314	10110110
1*	315	01101101
0*	316	11011010
0	317	10110100
1*	318	01101001
0*	319	11010010
0	320	10100100
1*	321	01001001
0*	322	10010010
1*	323	00100101
1	324	01001011
0*	325	10010110
0	326	00101100
0	327	01011000
1*	328	10110001
0*	329	01100010
1*	330	11000101
1	331	10001011
1	332	00010111
0*	333	00101110
0	334	01011100
1*	335	10111001
0*	336	01110010
1*	337	11100101
1	338	11001011
1	339	10010111
1	340	00101111
0*	341	01011110
1*	342	10111101
0*	343	01111010
1*	344	11110101
1	345	11101011
1	346	11010111
1	347	10101111
1	348	01011111
0*	349	10111110
1*	350	01111101
0*	351	11111010
0	352	11110100
1*	353	11101001
1	354	11010011
1	355	10100111
0*	356	01001110
1*	357	10011101
0*	358	00111010
0	359	01110100
0	360	11101000
1*	361	11010001
1	362	10100011
0*	363	01000110
1*	364	10001101
0*	365	00011010
0	366	00110100
0	367	01101000
0	368	11010000
0	369	10100000
1*	370	01000001
0*	371	10000010
0	372	00000100
1*	373	00001001
0*	374	00010010
0	375	00100100
0	376	01001000
1*	377	10010001
0*	378	00100010
0	379	01000100
1*	380	10001001
1	381	00010011
0*	382	00100110
0	383	01001100
1*	384	10011001
0*	385	00110010
0	386	01100100
1*	387	11001001
1	388	10010011
1	389	00100111
1	390	01001111
0*	391	10011110
1*	392	00111101
1	393	01111011
0*	394	11110110
1*	395	11101101
1	396	11011011
1	397	10110111
0*	398	01101110
1*	399	11011101
1	400	10111011
0*	401	01110110
0	402	11101100
1*	403	11011001
1	404	10110011
0*	405	01100110
1*	406	11001101
1	407	10011011
0*	408	00110110
0	409	01101100
0	410	11011000
0	411	10110000
1*	412	01100001
0*	413	11000010
0	414	10000100
0	415	00001000
1*	416	00010001
1	417	00100011
1	418	01000111
0*	419	10001110
1*	420	00011101
1	421	00111011
1	422	01110111
0*	423	11101110
0	424	11011100
0	425	10111000
1*	426	01110001
0*	427	11100010
0	428	11000100
0	429	10001000
0	430	00010000
1*	431	00100001
1	432	01000011
0*	433	10000110
1*	434	00001101
1	435	00011011
1	436	00110111
1	437	01101111
0*	438	11011110
0	439	10111100
1*	440	01111001
0*	441	11110010
0	442	11100100
0	443	11001000
0	444	10010000
0	445	00100000
0	446	01000000
1*	447	10000001
1	448	00000011
0*	449	00000110
0	450	00001100
1*	451	00011001
1	452	00110011
1	453	01100111
0*	454	11001110
0	455	10011100
1*	456	00111001
1	457	01110011
0*	458	11100110
0	459	11001100
0	460	10011000
1*	461	00110001
1	462	01100011
0*	463	11000110
0	464	10001100
0	465	00011000
0	466	00110000
0	467	01100000
1*	468	11000001
1	469	10000011
1	470	00000111
0*	471	00001110
0	472	00011100
0	473	00111000
0	474	01110000
1*	475	11100001
1	476	11000011
1	477	10000111
1	478	00001111
0*	479	00011110
0	480	00111100
0	481	01111000
1*	482	11110001
1	483	11100011
1	484	11000111
1	485	10001111
1	486	00011111
0*	487	00111110
0	488	01111100
1*	489	11111001
1	490	11110011
1	491	11100111
1	492	11001111
1	493	10011111
1	494	00111111
0*	495	01111110
1	496	11111101
1	497	11111011
1	498	11110111
1	499	11101111
1	500	11011111
1	501	10111111
1	502	01111111
1*	503	11111111
0	504	11111110
0*	505	111111100
0	506	11111000
0	507	11110000
0	508	11100000
0	509	11000000
0	510	10000000
0	511	00000000
1*	512	000000001
0*	513	000000010
1*	514	000000101
0*	515	000001010
1*	516	000010101
0*	517	000101010
1*	518	001010101
0*	519	010101010
1*	520	101010101
1	521	010101011
0*	522	101010110
1*	523	010101101
0*	524	101011010
1*	525	010110101
0*	526	101101010
1*	527	011010101
0*	528	110101010
0	529	101010100
1*	530	010101001
0*	531	101010010
1*	532	010100101
0*	533	101001010
1*	534	010010101
0*	535	100101010
0	536	001010100
0	537	010101000
1*	538	101010001
0*	539	010100010
1*	540	101000101
0*	541	010001010
1*	542	100010101
1	543	000101011
0*	544	001010110
0	545	010101100
1*	546	101011001
0*	547	010110010
1*	548	101100101
0*	549	011001010
1*	550	110010101
1	551	100101011
1	552	001010111
0*	553	010101110
1*	554	101011101
0*	555	010111010
1*	556	101110101
0*	557	011101010
1*	558	111010101
1	559	110101011
1	560	101010111
1	561	010101111
0*	562	101011110
1*	563	010111101
0*	564	101111010
1*	565	011110101
0*	566	111101010
0	567	111010100
1*	568	110101001
1	569	101010011
0*	570	010100110
1*	571	101001101
0*	572	010011010
1*	573	100110101
0*	574	001101010
0	575	011010100
0	576	110101000
0	577	101010000
1*	578	010100001
0*	579	101000010
1*	580	010000101
0*	581	100001010
0	582	000010100
1*	583	000101001
0*	584	001010010
0	585	010100100
1*	586	101001001
0*	587	010010010
1*	588	100100101
0*	589	001001010
0	590	010010100
1*	591	100101001
1	592	001010011
1	593	010100111
0*	594	101001110
1*	595	010011101
0*	596	100111010
1*	597	001110101
1	598	011101011
0*	599	111010110
1*	600	110101101
1	601	101011011
0*	602	010110110
1*	603	101101101
0*	604	011011010
1*	605	110110101
1	606	101101011
0*	607	011010110
0	608	110101100
0	609	101011000
1*	610	010110001
0*	611	101100010
1*	612	011000101
0*	613	110001010
0	614	100010100
0	615	000101000
1*	616	001010001
1	617	010100011
0*	618	101000110
1*	619	010001101
0*	620	100011010
1*	621	000110101
1	622	001101011
1	623	011010111
0*	624	110101110
0	625	101011100
1*	626	010111001
0*	627	101110010
1*	628	011100101
0*	629	111001010
0	630	110010100
0	631	100101000
0	632	001010000
0	633	010100000
1*	634	101000001
0*	635	010000010
1*	636	100000101
1	637	000001011
0*	638	000010110
1*	639	000101101
0*	640	001011010
0	641	010110100
1*	642	101101001
0*	643	011010010
1*	644	110100101
1	645	101001011
0*	646	010010110
1*	647	100101101
1	648	001011011
1	649	010110111
0*	650	101101110
1*	651	011011101
0*	652	110111010
0	653	101110100
1*	654	011101001
0*	655	111010010
0	656	110100100
0	657	101001000
1*	658	010010001
0*	659	100100010
1*	660	001000101
1	661	010001011
0*	662	100010110
0	663	000101100
1*	664	001011001
1	665	010110011
0*	666	101100110
1*	667	011001101
0*	668	110011010
0	669	100110100
1*	670	001101001
1	671	011010011
0*	672	110100110
0	673	101001100
1*	674	010011001
0*	675	100110010
1*	676	001100101
1	677	011001011
0*	678	110010110
0	679	100101100
0	680	001011000
0	681	010110000
1*	682	101100001
0*	683	011000010
1*	684	110000101
1	685	100001011
1	686	000010111
0*	687	000101110
1*	688	001011101
1	689	010111011
0*	690	101110110
1*	691	011101101
0*	692	111011010
0	693	110110100
0	694	101101000
1*	695	011010001
0*	696	110100010
0	697	101000100
1*	698	010001001
0*	699	100010010
1*	700	000100101
1	701	001001011
1	702	010010111
0*	703	100101110
0	704	001011100
0	705	010111000
1*	706	101110001
0*	707	011100010
1*	708	111000101
1	709	110001011
1	710	100010111
1	711	000101111
0*	712	001011110
0	713	010111100
1*	714	101111001
0*	715	011110010
1*	716	111100101
1	717	111001011
1	718	110010111
1	719	100101111
1	720	001011111
0*	721	010111110
1*	722	101111101
0*	723	011111010
1*	724	111110101
1	725	111101011
1	726	111010111
1	727	110101111
1	728	101011111
1	729	010111111
0*	730	101111110
1*	731	011111101
0*	732	111111010
0	733	111110100
1*	734	111101001
1	735	111010011
1	736	110100111
1	737	101001111
0*	738	010011110
1*	739	100111101
0*	740	001111010
0	741	011110100
0	742	111101000
1*	743	111010001
1	744	110100011
1	745	101000111
0*	746	010001110
1*	747	100011101
0*	748	000111010
0	749	001110100
0	750	011101000
0	751	111010000
1*	752	110100001
1	753	101000011
0*	754	010000110
1*	755	100001101
0*	756	000011010
0	757	000110100
0	758	001101000
0	759	011010000
0	760	110100000
0	761	101000000
1*	762	010000001
0*	763	100000010
0	764	000000100
1*	765	000001001
0*	766	000010010
0	767	000100100
1*	768	001001001
1	769	010010011
0*	770	100100110
1*	771	001001101
1	772	010011011
0*	773	100110110
1*	774	001101101
1	775	011011011
0*	776	110110110
0	777	101101100
1*	778	011011001
0*	779	110110010
0	780	101100100
1*	781	011001001
0*	782	110010010
0	783	100100100
0	784	001001000
0	785	010010000
1*	786	100100001
0*	787	001000010
0	788	010000100
1*	789	100001001
1	790	000010011
0*	791	000100110
0	792	001001100
0	793	010011000
1*	794	100110001
0*	795	001100010
0	796	011000100
1*	797	110001001
1	798	100010011
1	799	000100111
0*	800	001001110
0	801	010011100
1*	802	100111001
0*	803	001110010
0	804	011100100
1*	805	111001001
1	806	110010011
1	807	100100111
1	808	001001111
1	809	010011111
0*	810	100111110
1*	811	001111101
1	812	011111011
0*	813	111110110
1*	814	111101101
1	815	111011011
1	816	110110111
1	817	101101111
0*	818	011011110
1*	819	110111101
1	820	101111011
0*	821	011110110
0	822	111101100
1*	823	111011001
1	824	110110011
1	825	101100111
0*	826	011001110
1*	827	110011101
1	828	100111011
0*	829	001110110
0	830	011101100
0	831	111011000
1*	832	110110001
1	833	101100011
0*	834	011000110
1*	835	110001101
1	836	100011011
0*	837	000110110
0	838	001101100
0	839	011011000
0	840	110110000
0	841	101100000
1*	842	011000001
0*	843	110000010
0	844	100000100
0	845	000001000
1*	846	000010001
0*	847	000100010
0	848	001000100
0	849	010001000
1*	850	100010001
1	851	000100011
0*	852	001000110
0	853	010001100
1*	854	100011001
0*	855	000110010
0	856	001100100
0	857	011001000
1*	858	110010001
1	859	100100011
1	860	001000111
1	861	010001111
0*	862	100011110
1*	863	000111101
1	864	001111011
1	865	011110111
0*	866	111101110
1*	867	111011101
1	868	110111011
1	869	101110111
0*	870	011101110
0	871	111011100
1*	872	110111001
1	873	101110011
0*	874	011100110
1*	875	111001101
1	876	110011011
1	877	100110111
0*	878	001101110
0	879	011011100
0	880	110111000
0	881	101110000
1*	882	011100001
0*	883	111000010
0	884	110000100
0	885	100001000
0	886	000010000
1*	887	000100001
1	888	001000011
1	889	010000111
0*	890	100001110
1*	891	000011101
1	892	000111011
1	893	001110111
1	894	011101111
0*	895	111011110
0	896	110111100
0	897	101111000
1*	898	011110001
0*	899	111100010
0	900	111000100
0	901	110001000
0	902	100010000
0	903	000100000
1*	904	001000001
1	905	010000011
0*	906	100000110
1*	907	000001101
1	908	000011011
1	909	000110111
1	910	001101111
1	911	011011111
0*	912	110111110
0	913	101111100
1*	914	011111001
0*	915	111110010
0	916	111100100
0	917	111001000
0	918	110010000
0	919	100100000
0	920	001000000
0	921	010000000
1*	922	100000001
1	923	000000011
0*	924	000000110
0	925	000001100
1*	926	000011001
1	927	000110011
0*	928	001100110
0	929	011001100
1*	930	110011001
1	931	100110011
1	932	001100111
1	933	011001111
0*	934	110011110
0	935	100111100
1*	936	001111001
1	937	011110011
0*	938	111100110
0	939	111001100
0	940	110011000
0	941	100110000
1*	942	001100001
1	943	011000011
0*	944	110000110
0	945	100001100
0	946	000011000
1*	947	000110001
1	948	001100011
1	949	011000111
0*	950	110001110
0	951	100011100
1*	952	000111001
1	953	001110011
1	954	011100111
0*	955	111001110
0	956	110011100
0	957	100111000
1*	958	001110001
1	959	011100011
0*	960	111000110
0	961	110001100
0	962	100011000
0	963	000110000
0	964	001100000
0	965	011000000
1*	966	110000001
1	967	100000011
1	968	000000111
0*	969	000001110
0	970	000011100
0	971	000111000
0	972	001110000
0	973	011100000
1*	974	111000001
1	975	110000011
1	976	100000111
1	977	000001111
0*	978	000011110
0	979	000111100
0	980	001111000
0	981	011110000
1*	982	111100001
1	983	111000011
1	984	110000111
1	985	100001111
1	986	000011111
0*	987	000111110
0	988	001111100
0	989	011111000
1*	990	111110001
1	991	111100011
1	992	111000111
1	993	110001111
1	994	100011111
1	995	000111111
0*	996	001111110
0	997	011111100
1*	998	111111001
1	999	111110011
1	1000	111100111
------------------------------------------------------------
Summary statistics:
x-bar = 0.497502
tie-breakers used = 509
fill length increases = 14
fill length decreases = 6
Large fill length decreases = 0
