x[n]	n	filled node (<-- root) (* denotes tiebreaker)
------------------------------------------------------------
0*	1	0
1	2	1
1*	3	11
0	4	10
1*	5	01
0*	6	010
1*	7	101
1	8	011
0*	9	110
0	10	100
0	11	00
1*	12	001
1*	13	0011
0*	14	0110
0*	15	1100
0*	16	1000
0	17	000
1*	18	0001
0	19	0010
1*	20	0101
0*	21	1010
0	22	0100
1	23	1001
0*	24	10010
0*	25	00100
0*	26	01000
1*	27	10001
0*	28	00010
1	29	00101
1*	30	01011
1	31	1011
1	32	0111
1	33	111
0*	34	1110
1	35	1101
0*	36	11010
1*	37	10101
0	38	01010
0	39	10100
1	40	01001
1	41	10011
0*	42	00110
0*	43	01100
0*	44	11000
0	45	10000
0	46	0000
1*	47	00001
1	48	00011
1	49	00111
0*	50	01110
1*	51	11101
1	52	11011
1*	53	10111
1	54	01111
1	55	1111
1*	56	11111
0	57	11110
0	58	11100
1	59	11001
1*	60	110011
1*	61	100111
0*	62	001110
1*	63	011101
0*	64	111010
1*	65	110101
0*	66	101010
0*	67	010100
1*	68	101001
1*	69	010011
0	70	100110
0*	71	001100
0*	72	011000
0*	73	110000
0*	74	100000
0	75	00000
0*	76	000000
1	77	000001
1*	78	000011
1*	79	000111
1	80	001111
1*	81	011111
0*	82	111110
1*	83	111101
1	84	111011
1*	85	110111
1*	86	101111
0	87	011110
0	88	111100
1*	89	111001
0	90	110010
1*	91	100101
1*	92	001011
0*	93	010110
0	94	10110
1	95	01101
0*	96	011010
0	97	110100
0	98	101000
1*	99	010001
1*	100	100011
0	101	000110
1	102	001101
1	103	011011
0	104	110110
1*	105	101101
0*	106	1011010
1*	107	0110101
0*	108	1101010
1*	109	1010101
1	110	010101
1	111	101011
1	112	010111
0	113	101110
0	114	011100
0	115	111000
1	116	110001
0	117	100010
0*	118	000100
0*	119	001000
0	120	010000
1	121	100001
0	122	000010
1	123	000101
0	124	001010
1*	125	0010101
1*	126	0101011
0*	127	1010110
0*	128	0101100
0	129	101100
1	130	011001
0*	131	0110010
0*	132	1100100
0	133	100100
1	134	001001
0	135	010010
0*	136	0100100
0*	137	1001000
0*	138	0010000
1*	139	0100001
1*	140	1000011
1*	141	0000111
1*	142	0001111
1*	143	0011111
0*	144	0111110
1*	145	1111101
1*	146	1111011
1*	147	1110111
1*	148	1101111
0*	149	1011110
0*	150	0111100
1*	151	1111001
0*	152	1110010
1	153	1100101
1*	154	1001011
1*	155	0010111
0*	156	0101110
0*	157	1011100
1*	158	0111001
1	159	1110011
0*	160	1100110
0*	161	1001100
0*	162	0011000
1*	163	0110001
1*	164	1100011
0*	165	1000110
1*	166	0001101
1*	167	0011011
0*	168	0110110
1*	169	1101101
1	170	1011011
1	171	0110111
0	172	1101110
1	173	1011101
0*	174	0111010
1*	175	1110101
1	176	1101011
1	177	1010111
1	178	0101111
1	179	1011111
1	180	0111111
1	181	111111
0*	182	1111110
0	183	1111100
0	184	1111000
1*	185	1110001
0	186	1100010
1*	187	1000101
1*	188	0001011
0	189	0010110
1	190	0101101
1*	191	01011011
0*	192	10110110
0*	193	01101100
0	194	1101100
0*	195	1011000
0	196	0110000
1*	197	1100001
0	198	1000010
0*	199	0000100
0*	200	0001000
1	201	0010001
0*	202	0100010
0	203	1000100
1	204	0001001
0*	205	0010010
1	206	0100101
0	207	1001010
0	208	0010100
1*	209	0101001
0*	210	1010010
1*	211	10100101
0*	212	01001010
1*	213	10010101
1*	214	00101011
0*	215	01010110
0*	216	10101100
0*	217	01011000
1*	218	10110001
0*	219	01100010
0*	220	11000100
0*	221	10001000
1*	222	00010001
0*	223	00100010
0*	224	01000100
1	225	10001001
0*	226	00010010
0*	227	00100100
1*	228	01001001
1	229	1001001
1	230	0010011
1*	231	0100111
1*	232	1001111
0	233	0011110
1	234	0111101
0	235	1111010
0	236	1110100
1*	237	1101001
1	238	1010011
0	239	0100110
1	240	1001101
0	241	0011010
0	242	0110100
0	243	1101000
1*	244	1010001
1	245	0100011
1	246	1000111
0	247	0001110
0*	248	0011100
0	249	0111000
0	250	1110000
0	251	1100000
1*	252	1000001
1*	253	0000011
0	254	0000110
0	255	0001100
1	256	0011001
1	257	0110011
1	258	1100111
0	259	1001110
1	260	0011101
1	261	0111011
0	262	1110110
1*	263	11101101
1*	264	11011011
1	265	10110111
0*	266	01101110
0*	267	11011100
1*	268	10111001
0*	269	01110010
1*	270	11100101
1*	271	11001011
1*	272	10010111
0*	273	00101110
0*	274	01011100
0	275	10111000
1*	276	01110001
1*	277	11100011
0*	278	11000110
0*	279	10001100
0*	280	00011000
1*	281	00110001
1	282	01100011
1	283	11000111
1*	284	10001111
0*	285	00011110
1*	286	00111101
1*	287	01111011
0*	288	11110110
0	289	11101100
1*	290	11011001
1	291	1011001
1*	292	10110011
1*	293	01100111
0*	294	11001110
1*	295	10011101
0*	296	00111010
1*	297	01110101
1*	298	11101011
1*	299	11010111
1*	300	10101111
1*	301	01011111
1*	302	10111111
1*	303	01111111
1	304	1111111
0*	305	11111110
0*	306	11111100
0*	307	11111000
1*	308	11110001
0	309	11100010
1	310	11000101
0*	311	10001010
0	312	0001010
1*	313	00010101
0	314	00101010
0	315	0101010
0	316	1010100
0	317	0101000
0	318	1010000
0	319	0100000
0	320	1000000
1*	321	0000001
0	322	0000010
1	323	0000101
0*	324	00001010
0	325	00010100
1*	326	00101001
1*	327	01010011
0*	328	10100110
0*	329	01001100
0*	330	10011000
0	331	00110000
0*	332	01100000
0*	333	11000000
1*	334	10000001
0*	335	00000010
0*	336	00000100
0*	337	00001000
0	338	00010000
1*	339	00100001
0*	340	01000010
0*	341	10000100
1	342	00001001
1	343	00010011
1*	344	00100111
0*	345	01001110
0	346	10011100
1*	347	00111001
1	348	01110011
0*	349	11100110
0*	350	11001100
1	351	10011001
1*	352	00110011
0	353	01100110
1	354	11001101
0*	355	10011010
1*	356	00110101
0*	357	01101010
1*	358	11010101
1*	359	10101011
1	360	01010111
0	361	10101110
1	362	01011101
0*	363	10111010
0	364	01110100
0*	365	11101000
0*	366	11010000
1*	367	10100001
1	368	01000011
0*	369	10000110
0*	370	00001100
1	371	00011001
0	372	00110010
0*	373	01100100
1*	374	11001001
0*	375	10010010
1	376	00100101
1	377	01001011
0	378	10010110
0*	379	00101100
1	380	01011001
0	381	10110010
1	382	01100101
0	383	11001010
0	384	10010100
0	385	00101000
1*	386	01010001
0*	387	10100010
1	388	01000101
1	389	10001011
0*	390	00010110
1	391	00101101
0	392	01011010
1*	393	10110101
1	394	01101011
0	395	11010110
1	396	10101101
1*	397	101011011
1*	398	010110111
1*	399	101101111
1	400	01101111
1*	401	11011111
0	402	10111110
0*	403	01111100
1	404	11111001
1*	405	11110011
1	406	11100111
1	407	11001111
0*	408	10011110
0	409	00111100
0*	410	01111000
0	411	11110000
1*	412	11100001
1*	413	11000011
1	414	10000111
0*	415	00001110
1*	416	00011101
1	417	00111011
0*	418	01110110
0*	419	011101100
0*	420	111011000
0	421	11011000
0	422	10110000
1	423	01100001
0	424	11000010
1	425	10000101
1	426	00001011
1	427	00010111
1	428	00101111
0	429	01011110
1*	430	10111101
0	431	01111010
1*	432	11110101
0	433	11101010
0	434	11010100
1*	435	10101001
0	436	01010010
0	437	10100100
0	438	01001000
0*	439	10010000
0	440	00100000
0*	441	01000000
0	442	10000000
0	443	0000000
0*	444	00000000
1	445	00000001
1	446	00000011
0*	447	00000110
1	448	00001101
0*	449	00011010
0	450	00110100
1*	451	01101001
1*	452	11010011
1	453	10100111
1	454	01001111
1	455	10011111
0*	456	00111110
1	457	01111101
0*	458	11111010
0	459	11110100
1	460	11101001
0	461	11010010
1*	462	110100101
1*	463	101001011
1*	464	010010111
0*	465	100101110
1*	466	001011101
1*	467	010111011
1	468	10111011
1	469	01110111
0*	470	11101110
1	471	11011101
1*	472	110111011
1*	473	101110111
1*	474	011101111
1	475	11101111
0	476	11011110
0	477	10111100
1	478	01111001
0	479	11110010
0	480	11100100
0	481	11001000
1	482	10010001
1	483	00100011
0*	484	01000110
1	485	10001101
1	486	00011011
0*	487	00110110
1	488	01101101
0	489	11011010
0	490	10110100
0	491	01101000
1	492	11010001
1	493	10100011
1	494	01000111
0	495	10001110
0	496	00011100
0	497	00111000
0	498	01110000
0	499	11100000
1	500	11000001
1*	501	10000011
1	502	00000111
1	503	00001111
1	504	00011111
1	505	00111111
0	506	01111110
1	507	11111101
1	508	11111011
1	509	11110111
0*	510	111101110
1*	511	111011101
0	512	110111010
1*	513	101110101
1*	514	011101011
0*	515	111010110
0*	516	110101100
0*	517	101011000
1*	518	010110001
1*	519	101100011
0*	520	011000110
0*	521	110001100
0*	522	100011000
1*	523	000110001
1*	524	001100011
1	525	011000111
1*	526	110001111
1*	527	100011111
0*	528	000111110
1*	529	001111101
1*	530	011111011
0*	531	111110110
0*	532	111101100
1	533	111011001
1*	534	110110011
1*	535	101100111
1*	536	011001111
1*	537	110011111
0*	538	100111110
0	539	001111100
1*	540	011111001
0*	541	111110010
1*	542	111100101
1*	543	111001011
1*	544	110010111
1	545	100101111
1*	546	001011111
1*	547	010111111
1*	548	101111111
1*	549	011111111
1	550	11111111
1*	551	111111111
0	552	111111110
0*	553	111111100
0*	554	111111000
0*	555	111110000
1*	556	111100001
0*	557	111000010
1*	558	110000101
0*	559	100001010
0*	560	000010100
1*	561	000101001
0*	562	001010010
0*	563	010100100
0*	564	101001000
0*	565	010010000
0*	566	100100000
0*	567	001000000
0*	568	010000000
1*	569	100000001
0*	570	000000010
1*	571	000000101
1	572	00000101
0*	573	000001010
1	574	000010101
0*	575	000101010
1*	576	001010101
1*	577	01010101
0	578	10101010
0	579	01010100
0	580	10101000
0	581	01010000
0	582	10100000
1	583	01000001
0	584	10000010
0*	585	100000100
0*	586	000001000
0*	587	000010000
0*	588	000100000
1	589	001000001
0*	590	010000010
1	591	100000101
1	592	000001011
0*	593	000010110
1*	594	000101101
0*	595	001011010
0*	596	010110100
0*	597	101101000
0*	598	011010000
1*	599	110100001
0*	600	101000010
0*	601	010000100
1*	602	100001001
1*	603	000010011
1*	604	000100111
0*	605	001001110
0*	606	010011100
1*	607	100111001
1*	608	001110011
0*	609	011100110
0*	610	111001100
1*	611	110011001
1*	612	100110011
0*	613	001100110
1*	614	011001101
0*	615	110011010
1*	616	100110101
0*	617	001101010
1*	618	011010101
1*	619	110101011
1*	620	101010111
0*	621	010101110
1*	622	101011101
0	623	010111010
0	624	101110100
0*	625	011101000
0*	626	111010000
0	627	110100000
0*	628	101000000
1	629	010000001
0*	630	100000010
0	631	000000100
1	632	000001001
0	633	000010010
1*	634	000100101
1*	635	001001011
0	636	010010110
0*	637	100101100
0*	638	001011000
0	639	010110000
1*	640	101100001
0*	641	011000010
0	642	110000100
0	643	100001000
1	644	000010001
0*	645	000100010
1*	646	001000101
0*	647	010001010
1*	648	100010101
1	649	000101011
1*	650	001010111
1	651	010101111
0*	652	101011110
0*	653	010111100
1*	654	101111001
0*	655	011110010
0	656	111100100
1*	657	111001001
0*	658	110010010
0*	659	100100100
0*	660	001001000
1	661	010010001
1*	662	100100011
0*	663	001000110
1*	664	010001101
1*	665	100011011
0*	666	000110110
1*	667	001101101
0*	668	011011010
1*	669	110110101
1*	670	101101011
0*	671	011010110
1	672	110101101
0	673	101011010
1	674	010110101
0	675	101101010
0	676	011010100
1*	677	110101001
1*	678	101010011
1*	679	010100111
1*	680	101001111
1*	681	010011111
1	682	100111111
1*	683	001111111
0	684	011111110
1	685	111111101
0*	686	111111010
0*	687	111110100
1*	688	111101001
1*	689	111010011
1*	690	110100111
0	691	101001110
1	692	010011101
1*	693	100111011
0*	694	001110110
1	695	011101101
0*	696	111011010
0	697	110110100
1	698	101101001
0*	699	011010010
0	700	110100100
1	701	101001001
0*	702	010010010
1	703	100100101
0	704	001001010
1*	705	010010101
1*	706	100101011
0	707	001010110
1*	708	010101101
0*	709	0101011010
1*	710	1010110101
1*	711	0101101011
0*	712	1011010110
0*	713	0110101100
0*	714	1101011000
0*	715	1010110000
0*	716	0101100000
0	717	101100000
1*	718	011000001
0*	719	110000010
1*	720	1100000101
1*	721	1000001011
1*	722	0000010111
1	723	000010111
1*	724	000101111
0	725	001011110
1	726	010111101
0*	727	101111010
1*	728	011110101
0*	729	111101010
1*	730	111010101
0	731	110101010
0*	732	101010100
0*	733	010101000
1*	734	101010001
0*	735	010100010
0*	736	101000100
0*	737	010001000
0*	738	100010000
1	739	000100001
0*	740	001000010
1	741	010000101
1	742	100001011
0*	743	1000010110
0*	744	0000101100
0	745	000101100
1	746	001011001
0*	747	010110010
0*	748	101100100
1*	749	011001001
1	750	110010011
1	751	10010011
0	752	00100110
1	753	01001101
1	754	10011011
1	755	00110111
1*	756	001101111
0*	757	011011110
1*	758	110111101
1	759	101111011
0*	760	011110110
1	761	111101101
1	762	111011011
0*	763	110110110
1*	764	101101101
1	765	011011011
1	766	110110111
0	767	101101110
1*	768	011011101
1*	769	0110111011
1*	770	1101110111
1*	771	1011101111
0*	772	0111011110
1*	773	111011111
0*	774	110111110
0*	775	101111100
0	776	011111000
1	777	111110001
1*	778	111100011
0*	779	111000110
1	780	110001101
0	781	100011010
1*	782	000110101
1	783	001101011
1	784	011010111
1*	785	110101111
1	786	101011111
0	787	010111110
1	788	101111101
0	789	011111010
1	790	111110101
1	791	111101011
1	792	111010111
0	793	110101110
0	794	101011100
1*	795	010111001
0*	796	101110010
1*	797	011100101
0	798	111001010
1*	799	110010101
0	800	100101010
0	801	001010100
1	802	010101001
0	803	101010010
1	804	010100101
0	805	101001010
0	806	010010100
1*	807	100101001
1	808	001010011
0	809	010100110
1*	810	101001101
0*	811	010011010
0	812	100110100
1*	813	001101001
1	814	011010011
0	815	110100110
0	816	101001100
1*	817	010011001
0	818	100110010
1*	819	001100101
1*	820	011001011
0	821	110010110
1	822	100101101
1	823	001011011
0	824	010110110
0	825	101101100
1*	826	011011001
0	827	110110010
1	828	101100101
0	829	011001010
0	830	110010100
0	831	100101000
0*	832	001010000
0*	833	010100000
1	834	101000001
1	835	010000011
1*	836	100000111
0*	837	000001110
0*	838	000011100
0*	839	000111000
1*	840	001110001
1*	841	011100011
1	842	111000111
0	843	110001110
0*	844	100011100
1	845	000111001
0	846	001110010
0	847	011100100
0	848	111001000
1*	849	110010001
0	850	100100010
0	851	001000100
1	852	010001001
1*	853	100010011
0	854	000100110
0*	855	001001100
0	856	010011000
1*	857	100110001
0	858	001100010
0*	859	011000100
0*	860	110001000
1	861	100010001
1	862	000100011
1	863	001000111
0*	864	010001110
1	865	100011101
1*	866	000111011
1	867	001110111
0	868	011101110
0	869	111011100
1*	870	110111001
1	871	101110011
1	872	011100111
1*	873	111001111
0	874	110011110
0*	875	100111100
0*	876	001111000
0*	877	011110000
0	878	111100000
0*	879	111000000
0*	880	110000000
0	881	100000000
1*	882	000000001
1	883	000000011
1*	884	000000111
1	885	000001111
1*	886	000011111
1	887	000111111
0	888	001111110
1*	889	011111101
1	890	111111011
1	891	111110111
1	892	111101111
0	893	111011110
0	894	110111100
0	895	101111000
1	896	011110001
0	897	111100010
1*	898	111000101
1*	899	110001011
0*	900	100010110
1*	901	1000101101
1*	902	0001011011
1*	903	0010110111
0*	904	0101101110
1*	905	1011011101
0	906	0110111010
0*	907	1101110100
1*	908	1011101001
1	909	011101001
0	910	111010010
1*	911	1110100101
0*	912	1101001010
0*	913	1010010100
0*	914	0100101000
1*	915	1001010001
1	916	001010001
1	917	010100011
1*	918	101000111
1	919	010001111
0	920	100011110
0*	921	000111100
1	922	001111001
1	923	011110011
0*	924	111100110
1	925	111001101
1	926	110011011
0*	927	100110110
0	928	001101100
0	929	011011000
1*	930	110110001
0	931	101100010
1	932	011000101
0	933	110001010
0	934	100010100
0	935	000101000
1*	936	0001010001
1*	937	0010100011
1*	938	0101000111
1*	939	1010001111
0*	940	0100011110
1*	941	1000111101
1	942	000111101
1*	943	001111011
1	944	011110111
0*	945	0111101110
0*	946	1111011100
1*	947	1110111001
1*	948	1101110011
1*	949	1011100111
1*	950	0111001111
1*	951	1110011111
0*	952	1100111110
0*	953	1001111100
1*	954	0011111001
0*	955	0111110010
1*	956	1111100101
1*	957	1111001011
1*	958	1110010111
1*	959	1100101111
1*	960	1001011111
1*	961	0010111111
1*	962	0101111111
1*	963	1011111111
1*	964	0111111111
1*	965	1111111111
0	966	1111111110
0*	967	1111111100
0*	968	1111111000
0*	969	1111110000
0*	970	1111100000
1*	971	1111000001
1	972	111000001
1	973	110000011
0	974	100000110
0*	975	000001100
1*	976	000011001
0*	977	000110010
0	978	001100100
0	979	011001000
0	980	110010000
1	981	100100001
1	982	001000011
0*	983	010000110
1*	984	100001101
0*	985	000011010
0	986	000110100
0	987	001101000
1	988	011010001
0*	989	110100010
1	990	101000101
1	991	010001011
1	992	100010111
0	993	000101110
0	994	001011100
0	995	010111000
0*	996	101110000
0*	997	011100000
0*	998	0111000000
0*	999	1110000000
0*	1000	1100000000
1*	1001	1000000001
0*	1002	0000000010
1*	1003	0000000101
1*	1004	0000001011
0	1005	0000010110
1	1006	0000101101
0	1007	0001011010
0*	1008	0010110100
1*	1009	0101101001
0*	1010	1011010010
1*	1011	0110100101
1	1012	1101001011
1*	1013	1010010111
0*	1014	0100101110
0*	1015	1001011100
0*	1016	0010111000
0*	1017	0101110000
0*	1018	1011100000
1	1019	0111000001
1*	1020	1110000011
0*	1021	1100000110
0*	1022	1000001100
0*	1023	0000011000
0	1024	000011000
0	1025	000110000
0*	1026	001100000
0	1027	011000000
1	1028	110000001
1	1029	100000011
0	1030	000000110
1	1031	000001101
1	1032	000011011
1	1033	000110111
0	1034	001101110
0	1035	011011100
0	1036	110111000
1	1037	101110001
0	1038	011100010
0	1039	111000100
1	1040	110001001
0	1041	100010010
0	1042	000100100
1	1043	001001001
1	1044	010010011
0*	1045	100100110
1	1046	001001101
1	1047	010011011
1	1048	100110111
1*	1049	1001101111
0*	1050	0011011110
1*	1051	0110111101
1*	1052	1101111011
0*	1053	1011110110
1*	1054	0111101101
0*	1055	1111011010
0*	1056	1110110100
0*	1057	1101101000
0*	1058	1011010000
1*	1059	0110100001
0*	1060	1101000010
0*	1061	1010000100
1*	1062	0100001001
1*	1063	1000010011
1*	1064	0000100111
0*	1065	0001001110
0*	1066	0010011100
1*	1067	0100111001
1*	1068	1001110011
0*	1069	0011100110
0*	1070	0111001100
1*	1071	1110011001
1*	1072	1100110011
0*	1073	1001100110
1*	1074	0011001101
0*	1075	0110011010
1*	1076	1100110101
0*	1077	1001101010
1*	1078	0011010101
1*	1079	0110101011
1*	1080	1101010111
0*	1081	1010101110
1*	1082	0101011101
0*	1083	1010111010
0*	1084	0101110100
0	1085	1011101000
0*	1086	0111010000
0*	1087	1110100000
0*	1088	1101000000
0*	1089	1010000000
1*	1090	0100000001
0*	1091	1000000010
0	1092	0000000100
0*	1093	0000001000
1*	1094	0000010001
0*	1095	0000100010
1*	1096	0001000101
1*	1097	0010001011
0*	1098	0100010110
0	1099	1000101100
0*	1100	0001011000
0*	1101	0010110000
1	1102	0101100001
0*	1103	1011000010
1*	1104	0110000101
0*	1105	1100001010
0*	1106	1000010100
0*	1107	0000101000
0	1108	0001010000
1*	1109	0010100001
1	1110	010100001
1	1111	101000011
1	1112	010000111
0*	1113	100001110
1	1114	000011101
0	1115	000111010
1*	1116	001110101
0	1117	011101010
0	1118	111010100
0	1119	110101000
0	1120	101010000
0*	1121	1010100000
1*	1122	0101000001
1*	1123	1010000011
1*	1124	0100000111
1*	1125	1000001111
0*	1126	0000011110
0	1127	000011110
0*	1128	0000111100
1*	1129	0001111001
0*	1130	0011110010
0*	1131	0111100100
1*	1132	1111001001
0*	1133	1110010010
0*	1134	1100100100
0*	1135	1001001000
1*	1136	0010010001
1*	1137	0100100011
0*	1138	1001000110
1*	1139	0010001101
1*	1140	0100011011
0*	1141	1000110110
1*	1142	0001101101
0*	1143	0011011010
1*	1144	0110110101
1*	1145	1101101011
1	1146	1011010111
0*	1147	0110101110
1*	1148	1101011101
1	1149	1010111011
0*	1150	0101110110
0	1151	101110110
1*	1152	1011101101
0*	1153	0111011010
1	1154	1110110101
0	1155	1101101010
0*	1156	1011010100
1*	1157	0110101001
1*	1158	1101010011
1*	1159	1010100111
1*	1160	0101001111
1*	1161	1010011111
1*	1162	0100111111
1*	1163	1001111111
0*	1164	0011111110
1*	1165	0111111101
0*	1166	1111111010
0*	1167	1111110100
1*	1168	1111101001
1*	1169	1111010011
1*	1170	1110100111
0*	1171	1101001110
1*	1172	1010011101
1*	1173	0100111011
0*	1174	1001110110
1*	1175	0011101101
1	1176	0111011011
0*	1177	1110110110
0*	1178	1101101100
1*	1179	1011011001
0*	1180	0110110010
0*	1181	1101100100
1*	1182	1011001001
0*	1183	0110010010
1	1184	1100100101
1*	1185	1001001011
0*	1186	0010010110
1*	1187	0100101101
1*	1188	1001011011
0	1189	0010110110
0*	1190	0101101100
0	1191	1011011000
1*	1192	0110110001
0*	1193	1101100010
1*	1194	1011000101
1*	1195	0110001011
0*	1196	1100010110
0*	1197	11000101100
0*	1198	10001011000
0*	1199	00010110000
0*	1200	00101100000
0*	1201	01011000000
1*	1202	1011000001
0*	1203	0110000010
0	1204	1100000100
1*	1205	1000001001
1*	1206	0000010011
0	1207	0000100110
1*	1208	0001001101
1*	1209	0010011011
1*	1210	0100110111
0	1211	1001101110
0*	1212	0011011100
1*	1213	0110111001
0	1214	1101110010
0*	1215	1011100100
1*	1216	0111001001
1	1217	1110010011
0*	1218	1100100110
1*	1219	1001001101
0	1220	0010011010
0*	1221	0100110100
0*	1222	1001101000
0*	1223	0011010000
0	1224	0110100000
1	1225	1101000001
0	1226	1010000010
1*	1227	0100000101
0	1228	1000001010
0*	1229	0000010100
1	1230	0000101001
0*	1231	0001010010
0*	1232	0010100100
0*	1233	0101001000
1*	1234	1010010001
0	1235	0100100010
0*	1236	1001000100
1*	1237	0010001001
1*	1238	0100010011
0*	1239	1000100110
0	1240	0001001100
0*	1241	0010011000
0*	1242	0100110000
0	1243	100110000
1	1244	001100001
1	1245	011000011
1*	1246	110000111
1	1247	100001111
0*	1248	1000011110
1	1249	0000111101
0*	1250	0001111010
0	1251	001111010
0	1252	011110100
0	1253	111101000
1	1254	111010001
1	1255	110100011
0	1256	101000110
0	1257	010001100
1	1258	100011001
1	1259	000110011
1	1260	001100111
0	1261	011001110
1*	1262	110011101
0	1263	100111010
0	1264	001110100
1*	1265	0011101001
1*	1266	0111010011
0	1267	1110100110
0*	1268	1101001100
1*	1269	1010011001
1*	1270	0100110011
1	1271	1001100111
1*	1272	0011001111
1*	1273	0110011111
1	1274	1100111111
0	1275	1001111110
0*	1276	0011111100
0	1277	011111100
1	1278	111111001
1	1279	111110011
1	1280	111100111
0	1281	111001110
0	1282	110011100
0	1283	100111000
0	1284	001110000
1	1285	011100001
1	1286	111000011
0	1287	110000110
0	1288	100001100
1*	1289	1000011001
1*	1290	0000110011
0*	1291	0001100110
0	1292	0011001100
0	1293	011001100
0	1294	110011000
1*	1295	1100110001
1*	1296	1001100011
0*	1297	0011000110
1*	1298	0110001101
1*	1299	1100011011
1	1300	1000110111
1*	1301	0001101111
1	1302	0011011111
1	1303	011011111
1	1304	110111111
0	1305	101111110
0*	1306	1011111100
1*	1307	0111111001
1*	1308	1111110011
1*	1309	1111100111
1*	1310	1111001111
0	1311	1110011110
0*	1312	1100111100
1*	1313	1001111001
1	1314	0011110011
0*	1315	0111100110
0*	1316	1111001100
0	1317	1110011000
0	1318	1100110000
0*	1319	1001100000
1*	1320	0011000001
1	1321	0110000011
1	1322	1100000111
0	1323	1000001110
1*	1324	0000011101
0*	1325	0000111010
1*	1326	0001110101
0*	1327	0011101010
1*	1328	0111010101
1*	1329	1110101011
0	1330	1101010110
0	1331	101010110
0	1332	010101100
1	1333	101011001
1	1334	010110011
0	1335	101100110
1*	1336	1011001101
1	1337	0110011011
1*	1338	1100110111
1*	1339	11001101111
0*	1340	10011011110
1*	1341	00110111101
0*	1342	01101111010
0	1343	1101111010
1*	1344	1011110101
1*	1345	0111101011
1*	1346	1111010111
0*	1347	1110101110
0	1348	1101011100
0*	1349	1010111000
1	1350	0101110001
1*	1351	1011100011
0*	1352	0111000110
1*	1353	1110001101
0	1354	1100011010
0*	1355	1000110100
1*	1356	0001101001
0*	1357	0011010010
0	1358	0110100100
0*	1359	1101001000
0	1360	1010010000
1*	1361	0100100001
0*	1362	1001000010
1*	1363	0010000101
0*	1364	0100001010
1	1365	1000010101
0*	1366	0000101010
1*	1367	0001010101
1*	1368	0010101011
0*	1369	010101010
1	1370	101010101
1	1371	010101011
1*	1372	0101010111
1	1373	1010101111
0*	1374	0101011110
0*	1375	1010111100
1*	1376	0101111001
1*	1377	1011110011
1	1378	0111100111
0	1379	1111001110
0*	1380	1110011100
0*	1381	1100111000
1*	1382	1001110001
0*	1383	0011100010
1*	1384	0111000101
1*	1385	1110001011
1	1386	1100010111
0*	1387	1000101110
1*	1388	0001011101
1*	1389	0010111011
1	1390	0101110111
0	1391	1011101110
0*	1392	0111011100
0	1393	1110111000
0*	1394	1101110000
1	1395	1011100001
1*	1396	0111000011
0*	1397	1110000110
1*	1398	1100001101
0*	1399	1000011010
0*	1400	0000110100
0	1401	0001101000
1	1402	0011010001
0*	1403	0110100010
0*	1404	1101000100
0*	1405	1010001000
1*	1406	0100010001
1*	1407	1000100011
1*	1408	0001000111
0*	1409	0010001110
0*	1410	0100011100
0*	1411	1000111000
1*	1412	0001110001
1	1413	0011100011
1	1414	0111000111
1*	1415	1110001111
1*	1416	1100011111
0*	1417	1000111110
0*	1418	0001111100
0	1419	0011111000
1*	1420	0111110001
0*	1421	1111100010
0*	1422	1111000100
0*	1423	1110001000
1*	1424	1100010001
0	1425	1000100010
0	1426	0001000100
0	1427	0010001000
0	1428	0100010000
0*	1429	1000100000
0*	1430	0001000000
1*	1431	0010000001
1*	1432	0100000011
0*	1433	1000000110
0*	1434	0000001100
1	1435	0000011001
0	1436	0000110010
0*	1437	0001100100
1*	1438	0011001001
1	1439	0110010011
1	1440	1100100111
1	1441	100100111
1	1442	001001111
0	1443	010011110
1	1444	100111101
0*	1445	1001111010
0*	1446	0011110100
0*	1447	0111101000
1*	1448	1111010001
1*	1449	1110100011
1*	1450	1101000111
0	1451	1010001110
1	1452	0100011101
0*	1453	1000111010
0	1454	0001110100
0	1455	0011101000
1	1456	0111010001
0	1457	1110100010
1	1458	1101000101
1*	1459	1010001011
1	1460	0100010111
1	1461	1000101111
1*	1462	0001011111
0	1463	0010111110
1*	1464	0101111101
0*	1465	1011111010
0*	1466	0111110100
0	1467	1111101000
0	1468	1111010000
1	1469	1110100001
1	1470	1101000011
1*	1471	1010000111
1*	1472	0100001111
1	1473	1000011111
1*	1474	0000111111
1*	1475	0001111111
1	1476	0011111111
0	1477	0111111110
1	1478	1111111101
1	1479	1111111011
0*	1480	1111110110
0*	1481	1111101100
0*	1482	1111011000
0*	1483	1110110000
0	1484	110110000
0*	1485	1101100000
0	1486	1011000000
0*	1487	0110000000
1	1488	1100000001
1	1489	1000000011
0*	1490	0000000110
1	1491	0000001101
0*	1492	0000011010
1	1493	0000110101
1*	1494	0001101011
1*	1495	0011010111
1	1496	0110101111
1*	1497	1101011111
1*	1498	1010111111
0	1499	0101111110
1	1500	1011111101
1*	1501	0111111011
1	1502	1111110111
1*	1503	1111101111
0*	1504	1111011110
1*	1505	1110111101
1*	1506	11101111011
1*	1507	11011110111
1	1508	1011110111
1	1509	0111101111
1	1510	1111011111
1*	1511	1110111111
0*	1512	1101111110
0*	1513	11011111100
0*	1514	10111111000
0	1515	0111111000
1	1516	1111110001
1	1517	1111100011
1*	1518	1111000111
0	1519	1110001110
0*	1520	1100011100
1	1521	1000111001
1*	1522	0001110011
1	1523	0011100111
0	1524	0111001110
1	1525	1110011101
1*	1526	1100111011
1	1527	1001110111
0*	1528	0011101110
1	1529	0111011101
1*	1530	1110111011
0	1531	1101110110
0	1532	1011101100
1*	1533	0111011001
1*	1534	1110110011
0*	1535	1101100110
0	1536	1011001100
1*	1537	0110011001
0	1538	1100110010
0*	1539	1001100100
0	1540	0011001000
0*	1541	0110010000
1*	1542	1100100001
1	1543	1001000011
1*	1544	0010000111
0	1545	0100001110
0*	1546	1000011100
1*	1547	0000111001
0	1548	0001110010
0*	1549	0011100100
0	1550	0111001000
0*	1551	1110010000
0	1552	1100100000
0*	1553	1001000000
0	1554	0010000000
0	1555	0100000000
0	1556	1000000000
0	1557	000000000
1*	1558	0000000001
1	1559	0000000011
1	1560	0000000111
1*	1561	0000001111
1	1562	0000011111
0	1563	0000111110
1	1564	0001111101
1*	1565	0011111011
1*	1566	0111110111
0	1567	1111101110
1	1568	1111011101
0	1569	1110111010
1	1570	1101110101
1*	1571	1011101011
0*	1572	0111010110
0*	1573	1110101100
1	1574	1101011001
1*	1575	1010110011
1*	1576	0101100111
0*	1577	1011001110
1*	1578	0110011101
0	1579	1100111010
1*	1580	1001110101
1	1581	0011101011
1	1582	0111010111
1	1583	1110101111
0	1584	1101011110
1	1585	1010111101
0*	1586	0101111010
0	1587	1011110100
1	1588	0111101001
0	1589	1111010010
0	1590	1110100100
1	1591	1101001001
0*	1592	1010010010
0*	1593	0100100100
1	1594	1001001001
1*	1595	0010010011
0*	1596	0100100110
0	1597	1001001100
1	1598	0010011001
0	1599	0100110010
1	1600	1001100101
1*	1601	0011001011
0*	1602	0110010110
0*	1603	1100101100
0*	1604	1001011000
1	1605	0010110001
1*	1606	0101100011
1*	1607	1011000111
1*	1608	0110001111
0	1609	1100011110
0	1610	1000111100
0	1611	0001111000
1*	1612	0011110001
0*	1613	0111100010
1	1614	1111000101
0	1615	1110001010
1*	1616	1100010101
1*	1617	1000101011
1*	1618	0001010111
1*	1619	0010101111
1	1620	0101011111
0	1621	1010111110
0	1622	0101111100
0*	1623	1011111000
0	1624	0111110000
1	1625	1111100001
0*	1626	1111000010
1*	1627	1110000101
1	1628	1100001011
1	1629	1000010111
1*	1630	0000101111
0	1631	0001011110
1*	1632	0010111101
1	1633	0101111011
1*	1634	01011110111
1*	1635	10111101111
0*	1636	01111011110
0*	1637	11110111100
0	1638	1110111100
1*	1639	1101111001
0	1640	1011110010
1	1641	0111100101
0	1642	1111001010
0*	1643	1110010100
1*	1644	1100101001
1*	1645	1001010011
1*	1646	0010100111
0	1647	0101001110
0	1648	1010011100
0	1649	0100111000
0	1650	1001110000
1*	1651	0011100001
0	1652	0111000010
0	1653	1110000100
1*	1654	1100001001
0	1655	1000010010
1*	1656	0000100101
1*	1657	0001001011
1	1658	0010010111
1	1659	0100101111
0	1660	1001011110
0	1661	0010111100
0	1662	0101111000
1*	1663	1011110001
1	1664	0111100011
0	1665	1111000110
0	1666	1110001100
1*	1667	1100011001
1*	1668	1000110011
1	1669	0001100111
0	1670	0011001110
0	1671	0110011100
1	1672	1100111001
0	1673	1001110010
1	1674	0011100101
0*	1675	0111001010
1	1676	1110010101
0*	1677	1100101010
0*	1678	1001010100
0*	1679	0010101000
0*	1680	0101010000
1	1681	1010100001
1*	1682	0101000011
0	1683	1010000110
1*	1684	0100001101
1	1685	1000011011
1*	1686	0000110111
0	1687	0001101110
1	1688	0011011101
0*	1689	00110111010
0*	1690	01101110100
1*	1691	11011101001
0*	1692	10111010010
0	1693	0111010010
0*	1694	01110100100
0*	1695	11101001000
0*	1696	11010010000
1*	1697	10100100001
1*	1698	01001000011
0*	1699	10010000110
0	1700	0010000110
0	1701	0100001100
0	1702	1000011000
1*	1703	0000110001
0*	1704	0001100010
0*	1705	0011000100
0*	1706	0110001000
0	1707	1100010000
1	1708	1000100001
1*	1709	0001000011
0*	1710	00010000110
1*	1711	00100001101
1*	1712	01000011011
1*	1713	10000110111
0*	1714	00001101110
0*	1715	00011011100
0*	1716	00110111000
0	1717	0110111000
1	1718	1101110001
0	1719	1011100010
0	1720	0111000100
1	1721	1110001001
0*	1722	1100010010
0*	1723	1000100100
0*	1724	0001001000
0	1725	0010010000
0	1726	0100100000
1	1727	1001000001
0*	1728	0010000010
0	1729	0100000100
0	1730	1000001000
0	1731	0000010000
0*	1732	0000100000
1	1733	0001000001
1	1734	0010000011
0	1735	0100000110
1	1736	1000001101
1	1737	0000011011
0	1738	0000110110
0	1739	0001101100
1*	1740	0011011001
1	1741	0110110011
1	1742	1101100111
1	1743	1011001111
0	1744	0110011110
1	1745	1100111101
1	1746	1001111011
0*	1747	0011110110
0	1748	0111101100
1	1749	1111011001
0	1750	1110110010
1	1751	1101100101
1*	1752	1011001011
1	1753	0110010111
0	1754	1100101110
1	1755	1001011101
0	1756	0010111010
1	1757	0101110101
0	1758	1011101010
0	1759	0111010100
1*	1760	1110101001
0	1761	1101010010
0*	1762	1010100100
1	1763	0101001001
1	1764	1010010011
1	1765	0100100111
1*	1766	1001001111
0*	1767	0010011110
0*	1768	0100111100
0	1769	1001111000
0	1770	0011110000
1*	1771	0111100001
1	1772	1111000011
1	1773	1110000111
0*	1774	1100001110
1	1775	1000011101
1	1776	0000111011
1*	1777	0001110111
1	1778	0011101111
1	1779	0111011111
0	1780	1110111110
1*	1781	1101111101
1	1782	1011111011
0	1783	0111110110
1	1784	1111101101
1	1785	1111011011
1	1786	1110110111
1*	1787	1101101111
0*	1788	1011011110
0	1789	0110111100
0	1790	1101111000
0	1791	1011110000
0	1792	0111100000
0	1793	1111000000
1	1794	1110000001
0*	1795	1100000010
0*	1796	1000000100
1	1797	0000001001
0	1798	0000010010
0	1799	0000100100
1	1800	0001001001
0	1801	0010010010
1	1802	0100100101
0	1803	1001001010
0*	1804	0010010100
1	1805	0100101001
0	1806	1001010010
1	1807	0010100101
0*	1808	0101001010
1	1809	1010010101
1*	1810	0100101011
1*	1811	1001010111
0	1812	0010101110
0	1813	0101011100
1	1814	1010111001
0*	1815	0101110010
1	1816	1011100101
1	1817	0111001011
0	1818	1110010110
1	1819	1100101101
0	1820	1001011010
1	1821	0010110101
0	1822	0101101010
1	1823	1011010101
0	1824	0110101010
0*	1825	1101010100
0*	1826	1010101000
1	1827	0101010001
0*	1828	1010100010
0*	1829	0101000100
1	1830	1010001001
0	1831	0100010010
1	1832	1000100101
0	1833	0001001010
1	1834	0010010101
0	1835	0100101010
1	1836	1001010101
0	1837	0010101010
0*	1838	0101010100
1	1839	1010101001
0*	1840	0101010010
1	1841	1010100101
1	1842	0101001011
0	1843	1010010110
0	1844	0100101100
1	1845	1001011001
1*	1846	0010110011
0	1847	0101100110
1*	1848	01011001101
0*	1849	10110011010
1*	1850	01100110101
1*	1851	11001101011
1	1852	1001101011
0	1853	0011010110
1	1854	0110101101
1*	1855	1101011011
0*	1856	1010110110
1	1857	0101101101
0*	1858	1011011010
0	1859	0110110100
1	1860	1101101001
1	1861	1011010011
0*	1862	0110100110
1	1863	1101001101
1*	1864	1010011011
0	1865	0100110110
0*	1866	1001101100
0	1867	0011011000
0	1868	0110110000
1	1869	1101100001
1	1870	1011000011
0*	1871	0110000110
0	1872	1100001100
1*	1873	11000011001
0*	1874	10000110010
0*	1875	00001100100
1*	1876	00011001001
1*	1877	00110010011
0*	1878	01100100110
1*	1879	11001001101
1*	1880	10010011011
1*	1881	00100110111
1*	1882	01001101111
1	1883	10011011111
0*	1884	00110111110
1*	1885	0110111111
1	1886	1101111111
0	1887	1011111110
0	1888	0111111100
1	1889	1111111001
0	1890	1111110010
0	1891	1111100100
0	1892	1111001000
1	1893	1110010001
1*	1894	1100100011
1	1895	1001000111
1	1896	0010001111
1	1897	0100011111
1	1898	1000111111
0	1899	0001111110
1	1900	0011111101
0	1901	0111111010
1	1902	1111110101
0*	1903	1111101010
1*	1904	1111010101
0	1905	1110101010
1	1906	1101010101
0*	1907	1010101010
1	1908	0101010101
1	1909	1010101011
0	1910	0101010110
0*	1911	1010101100
0*	1912	0101011000
1	1913	1010110001
0	1914	0101100010
0	1915	1011000100
1	1916	0110001001
1	1917	1100010011
1	1918	1000100111
1	1919	0001001111
1	1920	0010011111
0	1921	0100111110
1	1922	1001111101
0	1923	0011111010
1	1924	0111110101
1	1925	1111101011
0	1926	1111010110
1	1927	1110101101
0	1928	1101011010
0	1929	1010110100
0	1930	0101101000
1	1931	1011010001
1	1932	0110100011
0	1933	1101000110
0*	1934	1010001100
1*	1935	0100011001
0	1936	1000110010
1	1937	0001100101
0	1938	0011001010
0*	1939	0110010100
0	1940	1100101000
0	1941	1001010000
0	1942	0010100000
0	1943	0101000000
1	1944	1010000001
0	1945	0100000010
1	1946	1000000101
0	1947	0000001010
1	1948	0000010101
1	1949	0000101011
0	1950	0001010110
0*	1951	0010101100
1	1952	0101011001
0	1953	1010110010
1*	1954	0101100101
0	1955	1011001010
1	1956	0110010101
1	1957	1100101011
0	1958	1001010110
1	1959	0010101101
1	1960	0101011011
1	1961	1010110111
1	1962	0101101111
1	1963	1011011111
0	1964	0110111110
0	1965	1101111100
1	1966	1011111001
1	1967	0111110011
0	1968	1111100110
1	1969	1111001101
1*	1970	1110011011
0	1971	1100110110
1	1972	1001101101
1	1973	0011011011
1*	1974	0110110111
0	1975	1101101110
0	1976	1011011100
0*	1977	10110111000
0*	1978	01101110000
1*	1979	11011100001
1*	1980	10111000011
0*	1981	01110000110
0*	1982	11100001100
0	1983	11000011000
1*	1984	10000110001
1*	1985	00001100011
1	1986	0001100011
1	1987	0011000111
0	1988	0110001110
1	1989	1100011101
1	1990	1000111011
0	1991	0001110110
0	1992	0011101100
0	1993	0111011000
1	1994	1110110001
1	1995	1101100011
0	1996	1011000110
0	1997	0110001100
0	1998	1100011000
0*	1999	1000110000
1*	2000	0001100001
0*	2001	0011000010
0	2002	0110000100
0	2003	1100001000
1*	2004	1000010001
1	2005	0000100011
0	2006	0001000110
0	2007	0010001100
0	2008	0100011000
1	2009	1000110001
0*	2010	10001100010
1*	2011	00011000101
1	2012	0011000101
0	2013	0110001010
0	2014	1100010100
1*	2015	1000101001
1	2016	0001010011
0	2017	0010100110
1*	2018	0101001101
0	2019	1010011010
1	2020	0100110101
0*	2021	01001101010
1*	2022	10011010101
0*	2023	00110101010
0*	2024	01101010100
0*	2025	11010101000
0*	2026	10101010000
0*	2027	01010100000
0*	2028	10101000000
0*	2029	01010000000
1*	2030	10100000001
0*	2031	01000000010
0*	2032	10000000100
0*	2033	00000001000
1*	2034	00000010001
0*	2035	00000100010
1*	2036	00001000101
1*	2037	00010001011
0*	2038	00100010110
0*	2039	01000101100
1	2040	10001011001
1	2041	0001011001
0	2042	0010110010
0	2043	0101100100
0	2044	1011001000
1	2045	0110010001
0	2046	1100100010
1	2047	1001000101
0	2048	0010001010
0*	2049	0100010100
0	2050	1000101000
0*	2051	10001010000
1*	2052	00010100001
0*	2053	00101000010
0	2054	0101000010
1	2055	1010000101
1	2056	0100001011
1*	2057	01000010111
0*	2058	10000101110
0	2059	0000101110
0	2060	0001011100
1	2061	0010111001
1	2062	0101110011
0	2063	1011100110
1	2064	0111001101
0	2065	1110011010
0	2066	1100110100
1	2067	1001101001
1	2068	0011010011
1	2069	0110100111
1	2070	1101001111
0	2071	1010011110
1	2072	0100111101
0*	2073	01001111010
0*	2074	10011110100
0*	2075	00111101000
1*	2076	01111010001
1*	2077	11110100011
1*	2078	11101000111
1*	2079	11010001111
0*	2080	10100011110
1*	2081	01000111101
0*	2082	10001111010
1*	2083	00011110101
1	2084	0011110101
0	2085	0111101010
0	2086	1111010100
0	2087	1110101000
0*	2088	1101010000
0*	2089	11010100000
1	2090	10101000001
0*	2091	01010000010
0*	2092	10100000100
0*	2093	01000001000
1*	2094	10000010001
1	2095	00000100011
1*	2096	00001000111
1*	2097	00010001111
1*	2098	00100011111
0*	2099	01000111110
0*	2100	10001111100
0*	2101	00011111000
1*	2102	00111110001
0*	2103	01111100010
0*	2104	11111000100
1*	2105	11110001001
0*	2106	11100010010
0*	2107	11000100100
0*	2108	10001001000
1*	2109	00010010001
1*	2110	00100100011
0*	2111	01001000110
1*	2112	10010001101
1*	2113	00100011011
0*	2114	01000110110
1*	2115	10001101101
0*	2116	00011011010
1*	2117	00110110101
1*	2118	01101101011
1*	2119	11011010111
0*	2120	10110101110
1*	2121	01101011101
1*	2122	11010111011
0*	2123	10101110110
0*	2124	01011101100
1*	2125	10111011001
0*	2126	01110110010
1*	2127	11101100101
0*	2128	11011001010
0*	2129	10110010100
1*	2130	01100101001
1*	2131	11001010011
1*	2132	10010100111
1*	2133	00101001111
1*	2134	01010011111
1*	2135	10100111111
1*	2136	01001111111
0*	2137	10011111110
1*	2138	00111111101
0*	2139	01111111010
0*	2140	11111110100
1*	2141	11111101001
1*	2142	11111010011
1*	2143	11110100111
0*	2144	11101001110
1*	2145	11010011101
1*	2146	10100111011
0*	2147	01001110110
1*	2148	10011101101
1*	2149	00111011011
0*	2150	01110110110
0*	2151	11101101100
1*	2152	11011011001
0*	2153	10110110010
0*	2154	01101100100
1*	2155	11011001001
0*	2156	10110010010
1*	2157	01100100101
1*	2158	11001001011
0*	2159	10010010110
1*	2160	00100101101
1*	2161	01001011011
0*	2162	10010110110
0*	2163	00101101100
0*	2164	01011011000
1*	2165	10110110001
0*	2166	01101100010
1*	2167	11011000101
1*	2168	10110001011
0*	2169	01100010110
1	2170	11000101101
0*	2171	10001011010
0*	2172	00010110100
0*	2173	00101101000
0*	2174	01011010000
0*	2175	10110100000
1*	2176	01101000001
0*	2177	11010000010
1	2178	10100000101
0*	2179	01000001010
1*	2180	10000010101
1*	2181	00000101011
0*	2182	00001010110
1*	2183	00010101101
1*	2184	00101011011
1*	2185	01010110111
0*	2186	10101101110
0*	2187	01011011100
1	2188	10110111001
1*	2189	01101110011
0*	2190	11011100110
0*	2191	10111001100
1*	2192	01110011001
1*	2193	11100110011
0*	2194	11001100110
1*	2195	10011001101
0*	2196	00110011010
0	2197	01100110100
0*	2198	11001101000
0*	2199	10011010000
0*	2200	00110100000
0	2201	01101000000
0*	2202	11010000000
0	2203	10100000000
1*	2204	01000000001
0*	2205	10000000010
1*	2206	00000000101
0*	2207	00000001010
0*	2208	00000010100
1*	2209	00000101001
0*	2210	00001010010
0*	2211	00010100100
0*	2212	00101001000
1*	2213	01010010001
0*	2214	10100100010
0*	2215	01001000100
1*	2216	10010001001
1*	2217	00100010011
0*	2218	01000100110
0*	2219	10001001100
0*	2220	00010011000
0*	2221	00100110000
0*	2222	01001100000
1*	2223	10011000001
1*	2224	00110000011
1*	2225	01100000111
1*	2226	11000001111
0*	2227	10000011110
1*	2228	00000111101
0*	2229	00001111010
0	2230	00011110100
1	2231	00111101001
0*	2232	01111010010
0*	2233	11110100100
1	2234	11101001001
0*	2235	11010010010
1*	2236	10100100101
1*	2237	01001001011
1	2238	10010010111
0*	2239	00100101110
0*	2240	01001011100
1*	2241	10010111001
1*	2242	00101110011
1*	2243	01011100111
0*	2244	10111001110
1*	2245	01110011101
0*	2246	11100111010
0*	2247	11001110100
0	2248	1001110100
1*	2249	10011101001
1*	2250	00111010011
0*	2251	01110100110
0*	2252	11101001100
1*	2253	11010011001
1*	2254	10100110011
1*	2255	01001100111
1*	2256	10011001111
1*	2257	00110011111
1*	2258	01100111111
0*	2259	11001111110
0*	2260	10011111100
0*	2261	00111111000
1*	2262	01111110001
1*	2263	11111100011
1*	2264	11111000111
0*	2265	11110001110
0*	2266	11100011100
0*	2267	11000111000
0*	2268	10001110000
0	2269	0001110000
0	2270	0011100000
1*	2271	00111000001
1*	2272	01110000011
0*	2273	11100000110
0*	2274	11000001100
1*	2275	10000011001
1*	2276	00000110011
0*	2277	00001100110
0*	2278	00011001100
0*	2279	00110011000
0	2280	0110011000
0*	2281	01100110000
1*	2282	11001100001
1	2283	1001100001
1	2284	0011000011
1	2285	0110000111
1	2286	1100001111
1*	2287	11000011111
0*	2288	10000111110
1*	2289	00001111101
1*	2290	00011111011
1*	2291	00111110111
1*	2292	01111101111
1*	2293	11111011111
1*	2294	11110111111
1*	2295	11101111111
0*	2296	11011111110
0*	2297	10111111100
1*	2298	01111111001
1*	2299	11111110011
1*	2300	11111100111
1*	2301	11111001111
0*	2302	11110011110
0*	2303	11100111100
1*	2304	11001111001
1*	2305	10011110011
0*	2306	00111100110
0*	2307	01111001100
0*	2308	11110011000
0*	2309	11100110000
0	2310	11001100000
0	2311	10011000000
0	2312	0011000000
1	2313	0110000001
1	2314	1100000011
1	2315	1000000111
0	2316	0000001110
0	2317	0000011100
0	2318	0000111000
0*	2319	00001110000
1*	2320	00011100001
1*	2321	00111000011
1	2322	01110000111
1*	2323	11100001111
0	2324	11000011110
0*	2325	10000111100
1*	2326	00001111001
0*	2327	00011110010
1*	2328	00111100101
0*	2329	01111001010
1*	2330	11110010101
1*	2331	11100101011
0*	2332	11001010110
0*	2333	10010101100
0*	2334	00101011000
1*	2335	01010110001
1*	2336	10101100011
0*	2337	01011000110
1*	2338	10110001101
1*	2339	01100011011
1*	2340	11000110111
1*	2341	10001101111
0*	2342	00011011110
0	2343	00110111100
1*	2344	01101111001
0*	2345	11011110010
0*	2346	10111100100
1*	2347	01111001001
1*	2348	11110010011
1*	2349	11100100111
0*	2350	11001001110
0	2351	1001001110
1	2352	0010011101
0	2353	0100111010
0*	2354	01001110100
0	2355	10011101000
0*	2356	00111010000
1*	2357	01110100001
1*	2358	11101000011
0*	2359	11010000110
1*	2360	10100001101
0	2361	01000011010
0*	2362	10000110100
0*	2363	00001101000
1*	2364	00011010001
0*	2365	00110100010
0*	2366	01101000100
0*	2367	11010001000
0*	2368	10100010000
1*	2369	01000100001
0*	2370	10001000010
0	2371	0001000010
0	2372	0010000100
0	2373	0100001000
0	2374	1000010000
1	2375	0000100001
1*	2376	00001000011
1	2377	00010000111
0*	2378	00100001110
1*	2379	01000011101
0*	2380	10000111010
1*	2381	00001110101
1*	2382	00011101011
0*	2383	00111010110
1*	2384	01110101101
1*	2385	11101011011
1*	2386	11010110111
1	2387	10101101111
1*	2388	01011011111
0*	2389	10110111110
0*	2390	01101111100
1*	2391	11011111001
1*	2392	10111110011
1*	2393	01111100111
0	2394	11111001110
0*	2395	11110011100
0*	2396	11100111000
0*	2397	11001110000
1*	2398	10011100001
0	2399	00111000010
0*	2400	01110000100
1*	2401	11100001001
1*	2402	11000010011
1*	2403	10000100111
0*	2404	00001001110
1*	2405	00010011101
1*	2406	00100111011
1	2407	01001110111
1*	2408	10011101111
0*	2409	00111011110
0*	2410	01110111100
0*	2411	11101111000
0*	2412	11011110000
1*	2413	10111100001
1*	2414	01111000011
0*	2415	11110000110
1	2416	11100001101
1*	2417	11000011011
0	2418	10000110110
0*	2419	00001101100
0*	2420	00011011000
0*	2421	00110110000
1*	2422	01101100001
0*	2423	11011000010
0*	2424	10110000100
0*	2425	01100001000
1*	2426	11000010001
1*	2427	10000100011
0	2428	00001000110
1*	2429	00010001101
0	2430	00100011010
0	2431	0100011010
1	2432	1000110101
0	2433	0001101010
0	2434	0011010100
0	2435	0110101000
1	2436	1101010001
1	2437	1010100011
0	2438	0101000110
1	2439	1010001101
0*	2440	10100011010
0*	2441	01000110100
0*	2442	10001101000
0	2443	00011010000
1	2444	00110100001
1*	2445	01101000011
1	2446	11010000111
1*	2447	10100001111
1*	2448	01000011111
1	2449	10000111111
1*	2450	00001111111
1*	2451	00011111111
0*	2452	00111111110
0*	2453	01111111100
0*	2454	11111111000
1*	2455	11111110001
0	2456	11111100010
1	2457	11111000101
0*	2458	11110001010
0*	2459	11100010100
0*	2460	11000101000
1	2461	10001010001
1*	2462	00010100011
0*	2463	00101000110
0*	2464	01010001100
0*	2465	10100011000
0*	2466	01000110000
0*	2467	10001100000
0	2468	0001100000
0*	2469	00011000000
1*	2470	00110000001
1*	2471	01100000011
0*	2472	11000000110
0*	2473	10000001100
1*	2474	00000011001
0	2475	00000110010
1	2476	00001100101
0*	2477	00011001010
0*	2478	00110010100
0	2479	01100101000
1*	2480	11001010001
1*	2481	10010100011
1	2482	00101000111
1*	2483	01010001111
1	2484	10100011111
1	2485	01000111111
1*	2486	10001111111
0	2487	00011111110
0	2488	00111111100
0	2489	01111111000
0	2490	11111110000
1*	2491	11111100001
0*	2492	11111000010
1*	2493	11110000101
0*	2494	11100001010
0*	2495	11000010100
0*	2496	10000101000
1*	2497	00001010001
0	2498	00010100010
0	2499	0010100010
1	2500	0101000101
0	2501	1010001010
1	2502	0100010101
0	2503	1000101010
0	2504	0001010100
1	2505	0010101001
1	2506	0101010011
0	2507	1010100110
0	2508	0101001100
0	2509	1010011000
1	2510	0100110001
0	2511	1001100010
1*	2512	10011000101
1*	2513	00110001011
1	2514	01100010111
0*	2515	11000101110
1*	2516	10001011101
0*	2517	00010111010
0*	2518	00101110100
0*	2519	01011101000
1*	2520	10111010001
0*	2521	01110100010
1*	2522	11101000101
1*	2523	11010001011
1*	2524	10100010111
1*	2525	01000101111
1*	2526	10001011111
0*	2527	00010111110
1*	2528	00101111101
0*	2529	01011111010
0*	2530	10111110100
0*	2531	01111101000
0*	2532	11111010000
1*	2533	11110100001
0	2534	11101000010
1*	2535	11010000101
1*	2536	10100001011
0	2537	01000010110
1*	2538	10000101101
1*	2539	00001011011
1*	2540	00010110111
1*	2541	00101101111
0	2542	01011011110
1*	2543	10110111101
1	2544	01101111011
0	2545	11011110110
0*	2546	10111101100
1*	2547	01111011001
1*	2548	11110110011
0*	2549	11101100110
0*	2550	11011001100
0*	2551	10110011000
1	2552	01100110001
0*	2553	11001100010
0	2554	10011000100
0*	2555	00110001000
0*	2556	01100010000
0*	2557	11000100000
0*	2558	10001000000
1*	2559	00010000001
1*	2560	00100000011
0*	2561	01000000110
1	2562	10000001101
1*	2563	00000011011
0*	2564	00000110110
1	2565	00001101101
1	2566	00011011011
1*	2567	00110110111
1*	2568	01101101111
1*	2569	11011011111
1	2570	10110111111
1*	2571	01101111111
1	2572	11011111111
1*	2573	10111111111
1*	2574	01111111111
0*	2575	11111111110
1*	2576	11111111101
1*	2577	11111111011
1*	2578	11111110111
1*	2579	11111101111
0	2580	11111011110
1	2581	11110111101
0	2582	11101111010
0*	2583	11011110100
1*	2584	10111101001
1	2585	01111010011
0	2586	11110100110
1	2587	11101001101
1*	2588	11010011011
1*	2589	10100110111
0	2590	01001101110
1*	2591	10011011101
1	2592	00110111011
1*	2593	01101110111
1*	2594	11011101111
1*	2595	10111011111
0*	2596	01110111110
0*	2597	11101111100
0	2598	11011111000
0*	2599	10111110000
0*	2600	01111100000
1*	2601	11111000001
1*	2602	11110000011
1	2603	11100000111
0	2604	11000001110
1*	2605	10000011101
0*	2606	00000111010
0	2607	00001110100
0*	2608	00011101000
1	2609	00111010001
1	2610	01110100011
0	2611	11101000110
1*	2612	11010001101
1	2613	10100011011
1	2614	01000110111
0	2615	10001101110
1	2616	00011011101
1*	2617	000110111011
1*	2618	001101110111
0*	2619	011011101110
0	2620	11011101110
1*	2621	10111011101
1*	2622	01110111011
1*	2623	11101110111
0*	2624	111011101110
1*	2625	110111011101
1*	2626	101110111011
0*	2627	011101110110
0	2628	11101110110
0*	2629	11011101100
0	2630	10111011000
1*	2631	01110110001
1*	2632	11101100011
0*	2633	11011000110
0	2634	10110001100
0*	2635	01100011000
1*	2636	11000110001
1	2637	10001100011
0*	2638	00011000110
0*	2639	00110001100
1	2640	01100011001
0*	2641	11000110010
0*	2642	10001100100
0	2643	00011001000
1*	2644	00110010001
1*	2645	01100100011
1*	2646	11001000111
0*	2647	10010001110
0*	2648	00100011100
1*	2649	01000111001
0*	2650	10001110010
0*	2651	00011100100
0*	2652	00111001000
0*	2653	01110010000
0*	2654	11100100000
0*	2655	11001000000
0*	2656	10010000000
0*	2657	00100000000
0	2658	01000000000
0*	2659	10000000000
0	2660	0000000000
0*	2661	00000000000
1	2662	00000000001
1*	2663	00000000011
1*	2664	00000000111
1*	2665	00000001111
1*	2666	00000011111
1*	2667	00000111111
0	2668	00001111110
0*	2669	00011111100
1	2670	00111111001
1*	2671	01111110011
0	2672	11111100110
1*	2673	11111001101
1*	2674	11110011011
0*	2675	11100110110
1*	2676	11001101101
0*	2677	10011011010
0	2678	00110110100
1*	2679	01101101001
1*	2680	11011010011
0*	2681	10110100110
0*	2682	01101001100
0	2683	11010011000
1*	2684	10100110001
1*	2685	01001100011
1*	2686	10011000111
0*	2687	00110001110
1*	2688	01100011101
0*	2689	11000111010
1*	2690	10001110101
0	2691	00011101010
1*	2692	00111010101
1*	2693	01110101011
1*	2694	11101010111
0*	2695	11010101110
1*	2696	10101011101
0*	2697	01010111010
0*	2698	10101110100
1	2699	01011101001
1	2700	10111010011
1	2701	01110100111
1	2702	11101001111
1*	2703	11010011111
0	2704	10100111110
0*	2705	01001111100
0*	2706	10011111000
0	2707	00111110000
1	2708	01111100001
1	2709	11111000011
1	2710	11110000111
0	2711	11100001110
1*	2712	11000011101
1	2713	10000111011
0*	2714	00001110110
0*	2715	00011101100
1*	2716	00111011001
1	2717	01110110011
1	2718	11101100111
1*	2719	11011001111
0*	2720	10110011110
0*	2721	01100111100
0	2722	11001111000
1*	2723	10011110001
0*	2724	00111100010
1*	2725	01111000101
1	2726	11110001011
1*	2727	11100010111
1	2728	11000101111
0	2729	10001011110
0*	2730	00010111100
0*	2731	00101111000
0*	2732	01011110000
0	2733	10111100000
1*	2734	01111000001
0	2735	11110000010
0	2736	1110000010
1*	2737	11100000101
1*	2738	11000001011
1*	2739	10000010111
0*	2740	00000101110
0*	2741	00001011100
0*	2742	00010111000
1*	2743	00101110001
0*	2744	01011100010
1*	2745	10111000101
0*	2746	01110001010
1	2747	11100010101
1*	2748	11000101011
1*	2749	10001010111
1*	2750	00010101111
1*	2751	00101011111
1*	2752	01010111111
0*	2753	10101111110
0*	2754	01011111100
1	2755	10111111001
0	2756	01111110010
0*	2757	11111100100
0*	2758	11111001000
1*	2759	11110010001
0*	2760	11100100010
1*	2761	11001000101
1*	2762	10010001011
1	2763	00100010111
0	2764	01000101110
0	2765	10001011100
1	2766	00010111001
0	2767	00101110010
1*	2768	01011100101
1*	2769	10111001011
0*	2770	01110010110
1*	2771	11100101101
1*	2772	11001011011
1	2773	10010110111
0	2774	00101101110
1	2775	01011011101
1*	2776	10110111011
0	2777	01101110110
1	2778	11011101101
1*	2779	10111011011
1	2780	01110110111
0*	2781	11101101110
0*	2782	11011011100
0*	2783	110110111000
1*	2784	101101110001
1	2785	01101110001
0*	2786	11011100010
0	2787	10111000100
1*	2788	01110001001
1	2789	11100010011
0*	2790	11000100110
1	2791	10001001101
0*	2792	00010011010
1*	2793	00100110101
1	2794	01001101011
1*	2795	10011010111
1*	2796	00110101111
0*	2797	01101011110
0*	2798	11010111100
0*	2799	10101111000
1	2800	01011110001
0*	2801	10111100010
0	2802	01111000100
0	2803	11110001000
1*	2804	11100010001
0*	2805	11000100010
0*	2806	10001000100
1*	2807	00010001001
0	2808	00100010010
0*	2809	01000100100
1	2810	10001001001
1*	2811	00010010011
1*	2812	00100100111
1*	2813	01001001111
1*	2814	10010011111
0*	2815	00100111110
1	2816	01001111101
0*	2817	10011111010
0*	2818	00111110100
1	2819	01111101001
0	2820	11111010010
1	2821	11110100101
1*	2822	11101001011
1*	2823	11010010111
0*	2824	10100101110
1	2825	01001011101
0*	2826	10010111010
1	2827	00101110101
1*	2828	01011101011
1*	2829	10111010111
1*	2830	01110101111
0*	2831	11101011110
1	2832	11010111101
0*	2833	10101111010
1*	2834	01011110101
0*	2835	10111101010
1*	2836	01111010101
0*	2837	11110101010
1*	2838	11101010101
0*	2839	11010101010
0*	2840	10101010100
0*	2841	01010101000
1	2842	10101010001
0*	2843	01010100010
1*	2844	10101000101
1*	2845	01010001011
0	2846	10100010110
1	2847	01000101101
1	2848	10001011011
0	2849	00010110110
1	2850	00101101101
0*	2851	01011011010
1*	2852	10110110101
0	2853	01101101010
1*	2854	11011010101
1*	2855	10110101011
0*	2856	01101010110
1*	2857	11010101101
1	2858	1010101101
0*	2859	10101011010
0*	2860	01010110100
1*	2861	10101101001
0*	2862	01011010010
0*	2863	10110100100
0*	2864	01101001000
1	2865	11010010001
1	2866	10100100011
1	2867	01001000111
1	2868	10010001111
0	2869	00100011110
0	2870	01000111100
0*	2871	10001111000
0*	2872	00011110000
1*	2873	00111100001
0	2874	01111000010
0	2875	11110000100
0	2876	11100001000
0	2877	11000010000
1*	2878	10000100001
0	2879	00001000010
0*	2880	00010000100
0*	2881	00100001000
0*	2882	01000010000
0	2883	10000100000
0*	2884	00001000000
0	2885	00010000000
1	2886	00100000001
1	2887	01000000011
1*	2888	10000000111
0	2889	00000001110
0*	2890	00000011100
0*	2891	00000111000
1	2892	00001110001
0*	2893	00011100010
0*	2894	00111000100
0	2895	01110001000
0	2896	11100010000
1	2897	11000100001
1	2898	10001000011
1*	2899	100010000111
1*	2900	000100001111
1	2901	00100001111
0	2902	01000011110
1	2903	10000111101
1	2904	00001111011
1	2905	0001111011
1	2906	0011110111
0*	2907	00111101110
1*	2908	01111011101
1*	2909	11110111011
1*	2910	111101110111
1	2911	111011101111
0*	2912	110111011110
0	2913	10111011110
1	2914	01110111101
0*	2915	011101111010
0*	2916	111011110100
0*	2917	110111101000
0	2918	10111101000
0	2919	01111010000
0	2920	11110100000
1*	2921	11101000001
1	2922	11010000011
0*	2923	10100000110
0*	2924	01000001100
0	2925	10000011000
1*	2926	00000110001
0	2927	00001100010
0	2928	00011000100
1	2929	00110001001
0*	2930	01100010010
1	2931	11000100101
0*	2932	10001001010
0*	2933	00010010100
0*	2934	00100101000
0*	2935	01001010000
1*	2936	10010100001
1	2937	00101000011
0*	2938	01010000110
0	2939	10100001100
0*	2940	01000011000
0	2941	10000110000
0	2942	0000110000
0*	2943	00001100000
1	2944	00011000001
0	2945	00110000010
0*	2946	01100000100
0*	2947	11000001000
0	2948	10000010000
1*	2949	00000100001
1*	2950	000001000011
0*	2951	000010000110
1*	2952	000100001101
1*	2953	001000011011
0*	2954	010000110110
0*	2955	100001101100
1*	2956	000011011001
1	2957	00011011001
1*	2958	00110110011
1*	2959	01101100111
0	2960	11011001110
1*	2961	10110011101
0*	2962	01100111010
1	2963	11001110101
1*	2964	10011101011
1	2965	00111010111
0	2966	01110101110
1*	2967	11101011101
0	2968	11010111010
1	2969	10101110101
0	2970	01011101010
0*	2971	10111010100
0*	2972	01110101000
1*	2973	11101010001
0*	2974	11010100010
0	2975	10101000100
1*	2976	01010001001
1*	2977	10100010011
1	2978	01000100111
1*	2979	10001001111
0*	2980	00010011110
1*	2981	00100111101
1	2982	01001111011
0*	2983	10011110110
1*	2984	00111101101
0*	2985	01111011010
0*	2986	11110110100
1*	2987	11101101001
0	2988	11011010010
1	2989	10110100101
0*	2990	01101001010
0*	2991	11010010100
1*	2992	10100101001
1*	2993	01001010011
0	2994	10010100110
1*	2995	00101001101
1*	2996	01010011011
0	2997	10100110110
0*	2998	01001101100
0*	2999	10011011000
1	3000	00110110001
1	3001	01101100011
1	3002	11011000111
0*	3003	10110001110
0	3004	01100011100
1	3005	11000111001
1	3006	10001110011
0*	3007	00011100110
1*	3008	00111001101
1*	3009	01110011011
1	3010	11100110111
0	3011	11001101110
0	3012	10011011100
1	3013	00110111001
0	3014	01101110010
1*	3015	11011100101
0	3016	10111001010
0*	3017	01110010100
1*	3018	11100101001
0	3019	11001010010
1*	3020	10010100101
1*	3021	00101001011
1*	3022	01010010111
1	3023	10100101111
1*	3024	01001011111
0*	3025	10010111110
0	3026	00101111100
1*	3027	01011111001
0	3028	10111110010
1*	3029	01111100101
0*	3030	11111001010
0	3031	11110010100
0	3032	11100101000
0	3033	11001010000
0	3034	10010100000
1*	3035	00101000001
1	3036	01010000011
1	3037	10100000111
1*	3038	01000001111
1	3039	10000011111
0	3040	00000111110
0	3041	00001111100
1	3042	00011111001
1*	3043	00111110011
0	3044	01111100110
0	3045	11111001100
1	3046	11110011001
0	3047	11100110010
1*	3048	11001100101
0*	3049	10011001010
1	3050	00110010101
0*	3051	01100101010
0*	3052	11001010100
0*	3053	10010101000
0*	3054	00101010000
1	3055	01010100001
0*	3056	10101000010
1*	3057	01010000101
0	3058	10100001010
0*	3059	01000010100
1	3060	10000101001
1	3061	00001010011
0*	3062	00010100110
0	3063	00101001100
1*	3064	01010011001
0	3065	10100110010
0*	3066	01001100100
0*	3067	10011001000
0	3068	00110010000
1*	3069	01100100001
0*	3070	11001000010
1*	3071	10010000101
0*	3072	00100001010
1	3073	01000010101
0*	3074	10000101010
1*	3075	00001010101
0*	3076	00010101010
1*	3077	00101010101
0*	3078	01010101010
1	3079	10101010101
1	3080	01010101011
1*	3081	10101010111
1*	3082	01010101111
1*	3083	10101011111
0	3084	01010111110
0*	3085	10101111100
0	3086	01011111000
1	3087	10111110001
1	3088	01111100011
0	3089	11111000110
0*	3090	11110001100
1*	3091	11100011001
1	3092	11000110011
0*	3093	10001100110
1	3094	00011001101
1	3095	00110011011
1*	3096	01100110111
1*	3097	011001101111
0*	3098	110011011110
1*	3099	100110111101
0*	3100	001101111010
1*	3101	011011110101
1	3102	11011110101
1	3103	10111101011
0*	3104	01111010110
1*	3105	11110101101
0	3106	11101011010
0*	3107	11010110100
0	3108	10101101000
1	3109	01011010001
0*	3110	10110100010
1	3111	01101000101
0	3112	11010001010
0*	3113	10100010100
1*	3114	01000101001
0*	3115	10001010010
1	3116	00010100101
0	3117	00101001010
0*	3118	01010010100
0	3119	10100101000
1	3120	01001010001
0	3121	10010100010
1*	3122	00101000101
0	3123	01010001010
1	3124	10100010101
0*	3125	01000101010
1*	3126	10001010101
1	3127	00010101011
0*	3128	00101010110
1*	3129	01010101101
1	3130	10101011011
0	3131	01010110110
0*	3132	10101101100
1	3133	01011011001
1	3134	10110110011
0	3135	01101100110
1	3136	11011001101
1	3137	10110011011
0	3138	01100110110
0	3139	11001101100
1	3140	10011011001
0	3141	00110110010
1	3142	01101100101
1	3143	11011001011
1*	3144	10110010111
0*	3145	01100101110
0*	3146	11001011100
0	3147	10010111000
0	3148	00101110000
1*	3149	01011100001
0	3150	10111000010
1	3151	01110000101
1	3152	11100001011
0*	3153	11000010110
0	3154	10000101100
1*	3155	00001011001
1*	3156	00010110011
0*	3157	00101100110
0	3158	01011001100
1	3159	10110011001
0*	3160	01100110010
0	3161	11001100100
1	3162	10011001001
0	3163	00110010010
0	3164	01100100100
1*	3165	11001001001
1*	3166	10010010011
0	3167	00100100110
0*	3168	01001001100
1*	3169	10010011001
0*	3170	00100110010
1	3171	01001100101
1	3172	10011001011
1*	3173	00110010111
1	3174	01100101111
1*	3175	11001011111
1	3176	10010111111
1*	3177	00101111111
0*	3178	01011111110
1	3179	10111111101
1	3180	01111111011
0	3181	11111110110
1*	3182	11111101101
1*	3183	11111011011
0*	3184	11110110110
1	3185	11101101101
1	3186	1101101101
1	3187	1011011011
0	3188	0110110110
1*	3189	01101101101
0*	3190	11011011010
0	3191	10110110100
0	3192	01101101000
0*	3193	11011010000
1	3194	10110100001
0	3195	01101000010
0	3196	11010000100
1*	3197	10100001001
1*	3198	01000010011
0	3199	10000100110
0*	3200	00001001100
1	3201	00010011001
1	3202	00100110011
0	3203	01001100110
0	3204	10011001100
1	3205	00110011001
1	3206	01100110011
1	3207	11001100111
0	3208	10011001110
1*	3209	00110011101
1	3210	01100111011
1*	3211	11001110111
0	3212	10011101110
0*	3213	00111011100
0*	3214	01110111000
0*	3215	11101110000
0	3216	11011100000
0*	3217	10111000000
1*	3218	01110000001
1*	3219	11100000011
1	3220	11000000111
0*	3221	10000001110
1	3222	00000011101
1	3223	00000111011
1	3224	00001110111
0*	3225	00011101110
1	3226	00111011101
0	3227	01110111010
1*	3228	11101110101
0*	3229	11011101010
1	3230	10111010101
0	3231	01110101010
0	3232	11101010100
1	3233	11010101001
0*	3234	10101010010
1*	3235	01010100101
1*	3236	10101001011
0	3237	01010010110
0*	3238	10100101100
1*	3239	01001011001
1*	3240	10010110011
1	3241	00101100111
1*	3242	01011001111
1	3243	10110011111
0	3244	01100111110
1*	3245	11001111101
1	3246	10011111011
0	3247	00111110110
1*	3248	01111101101
0	3249	11111011010
1	3250	11110110101
0*	3251	11101101010
0	3252	11011010100
1*	3253	10110101001
1*	3254	01101010011
0*	3255	11010100110
0*	3256	10101001100
0	3257	01010011000
0	3258	10100110000
1	3259	01001100001
1*	3260	10011000011
0*	3261	00110000110
0*	3262	01100001100
0*	3263	011000011000
1*	3264	110000110001
1*	3265	100001100011
1*	3266	000011000111
1	3267	00011000111
1	3268	00110001111
1*	3269	01100011111
1*	3270	11000111111
0	3271	10001111110
1	3272	00011111101
1*	3273	00111111011
0*	3274	01111110110
0	3275	11111101100
1*	3276	11111011001
0	3277	11110110010
0	3278	11101100100
0	3279	11011001000
0*	3280	10110010000
0	3281	01100100000
1	3282	11001000001
1*	3283	10010000011
0*	3284	00100000110
1	3285	01000001101
1*	3286	10000011011
1	3287	00000110111
1	3288	00001101111
1	3289	00011011111
1	3290	00110111111
0	3291	01101111110
1	3292	11011111101
0*	3293	10111111010
1*	3294	01111110101
0*	3295	11111101010
1*	3296	11111010101
1	3297	11110101011
0	3298	11101010110
0	3299	11010101100
1*	3300	10101011001
0*	3301	01010110010
0*	3302	10101100100
0*	3303	01011001000
1	3304	10110010001
0	3305	01100100010
0	3306	11001000100
0	3307	10010001000
1*	3308	00100010001
0*	3309	01000100010
1	3310	10001000101
0	3311	00010001010
0*	3312	00100010100
0	3313	01000101000
1*	3314	010001010001
1*	3315	100010100011
1*	3316	000101000111
1*	3317	001010001111
1*	3318	010100011111
0*	3319	101000111110
1*	3320	010001111101
1	3321	10001111101
0	3322	00011111010
1	3323	00111110101
0*	3324	01111101010
0	3325	11111010100
1*	3326	11110101001
1*	3327	11101010011
1	3328	11010100111
0*	3329	10101001110
1*	3330	01010011101
0	3331	10100111010
1	3332	01001110101
0	3333	10011101010
0	3334	00111010100
1	3335	01110101001
0	3336	11101010010
0*	3337	11010100100
0*	3338	10101001000
0	3339	01010010000
0	3340	10100100000
0*	3341	01001000000
1	3342	10010000001
0	3343	00100000010
1*	3344	01000000101
1*	3345	10000001011
0*	3346	00000010110
0*	3347	00000101100
0	3348	00001011000
1	3349	00010110001
1*	3350	00101100011
1	3351	01011000111
1	3352	10110001111
0	3353	01100011110
0*	3354	11000111100
1	3355	10001111001
1	3356	00011110011
1	3357	00111100111
1*	3358	01111001111
1	3359	11110011111
0*	3360	11100111110
0	3361	11001111100
1	3362	10011111001
0	3363	00111110010
0	3364	01111100100
1	3365	11111001001
0	3366	11110010010
0*	3367	11100100100
0	3368	11001001000
0*	3369	10010010000
0*	3370	00100100000
1	3371	01001000001
0	3372	10010000010
0*	3373	00100000100
1	3374	01000001001
0*	3375	10000010010
1*	3376	00000100101
0*	3377	00001001010
1	3378	00010010101
1*	3379	00100101011
0*	3380	01001010110
1	3381	10010101101
0	3382	00101011010
1	3383	01010110101
1*	3384	10101101011
1*	3385	01011010111
1	3386	10110101111
1	3387	01101011111
0*	3388	11010111110
1	3389	10101111101
1	3390	01011111011
0*	3391	10111110110
0	3392	01111101100
0	3393	11111011000
1*	3394	11110110001
0	3395	11101100010
0	3396	11011000100
0*	3397	10110001000
1	3398	01100010001
1	3399	11000100011
1*	3400	10001000111
0	3401	00010001110
1	3402	00100011101
0*	3403	01000111010
0	3404	10001110100
1	3405	00011101001
0	3406	00111010010
1	3407	01110100101
0	3408	11101001010
1	3409	11010010101
1*	3410	10100101011
1	3411	01001010111
1*	3412	10010101111
0	3413	00101011110
0*	3414	01010111100
1	3415	10101111001
1*	3416	01011110011
1*	3417	10111100111
0	3418	01111001110
1	3419	11110011101
1	3420	11100111011
0	3421	11001110110
0	3422	10011101100
0	3423	00111011000
0	3424	01110110000
1*	3425	11101100001
1	3426	11011000011
1*	3427	10110000111
1*	3428	01100001111
0*	3429	011000011110
0*	3430	110000111100
1*	3431	100001111001
1*	3432	000011110011
0*	3433	000111100110
1*	3434	001111001101
1	3435	01111001101
0	3436	11110011010
1*	3437	11100110101
0	3438	11001101010
0	3439	10011010100
0*	3440	00110101000
1*	3441	01101010001
1	3442	11010100011
1*	3443	10101000111
0	3444	01010001110
1*	3445	10100011101
1	3446	01000111011
0*	3447	10001110110
1	3448	00011101101
0	3449	00111011010
0*	3450	01110110100
0	3451	11101101000
1	3452	11011010001
1	3453	10110100011
0*	3454	01101000110
0	3455	11010001100
1	3456	10100011001
0*	3457	01000110010
1	3458	10001100101
1	3459	00011001011
0	3460	00110010110
1*	3461	01100101101
0	3462	11001011010
1*	3463	10010110101
0*	3464	00101101010
0*	3465	01011010100
0	3466	10110101000
0	3467	01101010000
1	3468	11010100001
1	3469	10101000011
1	3470	01010000111
0	3471	10100001110
0	3472	01000011100
0*	3473	10000111000
1*	3474	100001110001
1*	3475	000011100011
1	3476	00011100011
1*	3477	00111000111
1*	3478	01110001111
0*	3479	11100011110
1	3480	11000111101
1	3481	10001111011
1*	3482	00011110111
1	3483	00111101111
1	3484	01111011111
0	3485	11110111110
1	3486	11101111101
1*	3487	11011111011
1	3488	10111110111
0	3489	01111101110
0*	3490	11111011100
0*	3491	11110111000
1	3492	11101110001
1	3493	11011100011
0*	3494	10111000110
1*	3495	01110001101
1*	3496	11100011011
0	3497	11000110110
0	3498	10001101100
0*	3499	100011011000
0*	3500	000110110000
0*	3501	001101100000
0	3502	01101100000
0*	3503	11011000000
1*	3504	10110000001
0	3505	01100000010
0*	3506	11000000100
0*	3507	10000001000
0	3508	00000010000
0	3509	00000100000
1	3510	00001000001
0*	3511	00010000010
1	3512	00100000101
1	3513	01000001011
0	3514	10000010110
1	3515	00000101101
0	3516	00001011010
1	3517	00010110101
1	3518	00101101011
0	3519	01011010110
1*	3520	10110101101
1*	3521	01101011011
0	3522	11010110110
1	3523	10101101101
1	3524	01011011011
0*	3525	10110110110
0	3526	01101101100
0	3527	11011011000
0	3528	10110110000
0*	3529	101101100000
0*	3530	011011000000
1*	3531	110110000001
0*	3532	101100000010
1*	3533	011000000101
1	3534	11000000101
0	3535	10000001010
1	3536	00000010101
0	3537	00000101010
0	3538	00001010100
1*	3539	00010101001
0*	3540	00101010010
0	3541	01010100100
1	3542	10101001001
0*	3543	01010010010
0	3544	10100100100
1*	3545	01001001001
0	3546	10010010010
1*	3547	00100100101
0	3548	01001001010
0*	3549	10010010100
1	3550	00100101001
0	3551	01001010010
0	3552	10010100100
1	3553	00101001001
1	3554	01010010011
1*	3555	10100100111
0	3556	01001001110
0*	3557	10010011100
1*	3558	00100111001
0*	3559	01001110010
1*	3560	10011100101
0*	3561	00111001010
1	3562	01110010101
0	3563	11100101010
1	3564	11001010101
0*	3565	10010101010
0	3566	00101010100
1	3567	01010101001
1	3568	10101010011
0*	3569	01010100110
1	3570	10101001101
0	3571	01010011010
0*	3572	10100110100
0*	3573	01001101000
1	3574	10011010001
1	3575	00110100011
1	3576	01101000111
0	3577	11010001110
0	3578	10100011100
0	3579	01000111000
1	3580	10001110001
0*	3581	100011100010
0*	3582	000111000100
1*	3583	001110001001
0*	3584	011100010010
0*	3585	111000100100
0*	3586	110001001000
1*	3587	100010010001
0*	3588	000100100010
0	3589	00100100010
1	3590	01001000101
0	3591	10010001010
1	3592	00100010101
1	3593	01000101011
0	3594	10001010110
0	3595	00010101100
1	3596	00101011001
1	3597	01010110011
1*	3598	10101100111
0	3599	01011001110
0	3600	10110011100
1*	3601	01100111001
0*	3602	11001110010
0	3603	10011100100
1	3604	00111001001
0*	3605	01110010010
1	3606	11100100101
0	3607	11001001010
1	3608	10010010101
0	3609	00100101010
1*	3610	01001010101
1	3611	10010101011
1	3612	00101010111
0	3613	01010101110
0	3614	10101011100
1*	3615	01010111001
0*	3616	10101110010
0	3617	01011100100
0*	3618	10111001000
1	3619	01110010001
1	3620	11100100011
0	3621	11001000110
0	3622	10010001100
0*	3623	00100011000
1	3624	01000110001
1*	3625	010001100011
0*	3626	100011000110
1*	3627	000110001101
1	3628	00110001101
0	3629	01100011010
0*	3630	11000110100
1	3631	10001101001
0*	3632	00011010010
0*	3633	00110100100
1	3634	01101001001
1	3635	11010010011
0	3636	10100100110
1	3637	01001001101
0	3638	10010011010
0	3639	00100110100
1	3640	01001101001
0*	3641	10011010010
1	3642	00110100101
1	3643	01101001011
0	3644	11010010110
1	3645	10100101101
0	3646	01001011010
0	3647	10010110100
1	3648	00101101001
1	3649	01011010011
1	3650	10110100111
1*	3651	01101001111
0	3652	11010011110
0*	3653	10100111100
0*	3654	01001111000
0	3655	10011110000
0	3656	00111100000
0	3657	01111000000
1*	3658	11110000001
0	3659	11100000010
1*	3660	111000000101
1*	3661	110000001011
0*	3662	100000010110
0*	3663	000000101100
0*	3664	000001011000
1*	3665	000010110001
1*	3666	000101100011
0*	3667	001011000110
1*	3668	010110001101
0*	3669	101100011010
0*	3670	011000110100
1*	3671	110001101001
1*	3672	100011010011
1	3673	00011010011
1*	3674	00110100111
0	3675	01101001110
0	3676	11010011100
1*	3677	10100111001
1	3678	01001110011
0*	3679	10011100110
0	3680	00111001100
0	3681	01110011000
1	3682	11100110001
1	3683	11001100011
0	3684	10011000110
1*	3685	100110001101
0*	3686	001100011010
1	3687	011000110101
1	3688	11000110101
0*	3689	10001101010
0*	3690	00011010100
1	3691	00110101001
0	3692	01101010010
1	3693	11010100101
0	3694	10101001010
1	3695	01010010101
0	3696	10100101010
0	3697	01001010100
1	3698	10010101001
1	3699	00101010011
1	3700	01010100111
1	3701	10101001111
0	3702	01010011110
1	3703	10100111101
1*	3704	101001111011
1*	3705	010011110111
1	3706	10011110111
1*	3707	100111101111
1*	3708	001111011111
0*	3709	011110111110
1*	3710	111101111101
0*	3711	111011111010
0	3712	11011111010
1	3713	10111110101
1	3714	01111101011
1*	3715	11111010111
1*	3716	11110101111
1	3717	11101011111
1	3718	11010111111
1	3719	10101111111
1	3720	01011111111
0	3721	10111111110
1	3722	01111111101
0	3723	11111111010
1	3724	11111110101
1	3725	11111101011
0	3726	11111010110
0	3727	11110101100
0*	3728	11101011000
0*	3729	11010110000
0*	3730	10101100000
1	3731	01011000001
0*	3732	10110000010
1	3733	01100000101
0	3734	11000001010
0	3735	10000010100
0	3736	00000101000
0	3737	00001010000
0	3738	00010100000
0	3739	00101000000
1	3740	01010000001
0*	3741	10100000010
0	3742	01000000100
1	3743	10000001001
1*	3744	00000010011
0*	3745	00000100110
1	3746	00001001101
1	3747	00010011011
0	3748	00100110110
1	3749	01001101101
1	3750	10011011011
0	3751	00110110110
0*	3752	001101101100
0*	3753	011011011000
1*	3754	110110110001
1*	3755	101101100011
1*	3756	011011000111
1*	3757	110110001111
1*	3758	101100011111
0*	3759	011000111110
0	3760	11000111110
0*	3761	110001111100
0*	3762	100011111000
1*	3763	000111110001
0*	3764	001111100010
0*	3765	011111000100
1*	3766	111110001001
0*	3767	111100010010
1	3768	111000100101
0*	3769	110001001010
0*	3770	100010010100
1*	3771	000100101001
1*	3772	001001010011
0*	3773	010010100110
1*	3774	100101001101
1*	3775	001010011011
0*	3776	010100110110
1*	3777	101001101101
0*	3778	010011011010
1*	3779	100110110101
1*	3780	001101101011
1*	3781	011011010111
0*	3782	110110101110
1*	3783	101101011101
1*	3784	011010111011
0*	3785	110101110110
0*	3786	101011101100
1*	3787	010111011001
0*	3788	101110110010
1*	3789	011101100101
0*	3790	111011001010
0*	3791	110110010100
1*	3792	101100101001
1*	3793	011001010011
1*	3794	110010100111
1*	3795	100101001111
1*	3796	001010011111
1*	3797	010100111111
1*	3798	101001111111
0*	3799	010011111110
1*	3800	100111111101
0*	3801	001111111010
0*	3802	011111110100
1*	3803	111111101001
1*	3804	111111010011
1*	3805	111110100111
0*	3806	111101001110
1*	3807	111010011101
1*	3808	110100111011
0*	3809	101001110110
1*	3810	010011101101
1*	3811	100111011011
0*	3812	001110110110
0*	3813	011101101100
1*	3814	111011011001
0*	3815	110110110010
0*	3816	101101100100
1*	3817	011011001001
0*	3818	110110010010
1*	3819	101100100101
1*	3820	011001001011
0*	3821	110010010110
1*	3822	100100101101
1*	3823	001001011011
0*	3824	010010110110
0*	3825	100101101100
0*	3826	001011011000
1*	3827	010110110001
0	3828	101101100010
0*	3829	011011000100
1*	3830	110110001001
1	3831	10110001001
1	3832	01100010011
1	3833	11000100111
0	3834	10001001110
0	3835	00010011100
0	3836	00100111000
1*	3837	01001110001
0*	3838	10011100010
1	3839	00111000101
1	3840	01110001011
0	3841	11100010110
1*	3842	111000101101
0*	3843	110001011010
0*	3844	100010110100
0*	3845	000101101000
0*	3846	001011010000
0*	3847	010110100000
1*	3848	101101000001
0*	3849	011010000010
1*	3850	110100000101
0*	3851	101000001010
1*	3852	010000010101
1*	3853	100000101011
0*	3854	000001010110
1*	3855	000010101101
1*	3856	000101011011
1*	3857	001010110111
0*	3858	010101101110
0*	3859	101011011100
1*	3860	010110111001
1*	3861	101101110011
0*	3862	011011100110
0*	3863	110111001100
1*	3864	101110011001
1*	3865	011100110011
0*	3866	111001100110
1*	3867	110011001101
0*	3868	100110011010
0*	3869	001100110100
0*	3870	011001101000
0*	3871	110011010000
0*	3872	100110100000
0*	3873	001101000000
0*	3874	011010000000
0*	3875	110100000000
1*	3876	101000000001
0*	3877	010000000010
1*	3878	100000000101
0*	3879	000000001010
0*	3880	000000010100
1*	3881	000000101001
0*	3882	000001010010
0*	3883	000010100100
0*	3884	000101001000
1*	3885	001010010001
0*	3886	010100100010
0*	3887	101001000100
1*	3888	010010001001
1*	3889	100100010011
0*	3890	001000100110
0*	3891	010001001100
0*	3892	100010011000
0*	3893	000100110000
0*	3894	001001100000
1*	3895	010011000001
1*	3896	100110000011
1*	3897	001100000111
1*	3898	011000001111
0*	3899	110000011110
1*	3900	100000111101
0*	3901	000001111010
0*	3902	000011110100
1*	3903	000111101001
0*	3904	001111010010
0*	3905	011110100100
1*	3906	111101001001
0*	3907	111010010010
1*	3908	110100100101
1*	3909	101001001011
1*	3910	010010010111
0*	3911	100100101110
0*	3912	001001011100
1*	3913	010010111001
1*	3914	100101110011
1*	3915	001011100111
0*	3916	010111001110
1*	3917	101110011101
0*	3918	011100111010
0*	3919	111001110100
0*	3920	110011101000
1*	3921	100111010001
1*	3922	001110100011
0*	3923	011101000110
0*	3924	111010001100
1*	3925	110100011001
1*	3926	101000110011
1	3927	01000110011
1	3928	10001100111
1*	3929	00011001111
0	3930	00110011110
1	3931	01100111101
1*	3932	11001111011
1*	3933	110011110111
0	3934	100111101110
1*	3935	001111011101
0*	3936	011110111010
0	3937	11110111010
0	3938	11101110100
0	3939	11011101000
0	3940	10111010000
0	3941	01110100000
0	3942	11101000000
1	3943	11010000001
1	3944	10100000011
1	3945	01000000111
1	3946	10000001111
0	3947	00000011110
0	3948	00000111100
0	3949	00001111000
1	3950	00011110001
1	3951	00111100011
0*	3952	01111000110
1	3953	11110001101
0	3954	11100011010
0*	3955	111000110100
0	3956	110001101000
1*	3957	100011010001
1*	3958	000110100011
1*	3959	001101000111
0*	3960	011010001110
0*	3961	110100011100
0*	3962	101000111000
0*	3963	010001110000
0*	3964	100011100000
0	3965	00011100000
0	3966	00111000000
0	3967	01110000000
0*	3968	11100000000
1*	3969	11000000001
1	3970	10000000011
0	3971	00000000110
1*	3972	00000001101
0	3973	00000011010
0*	3974	00000110100
1	3975	00001101001
0*	3976	000011010010
1*	3977	000110100101
1*	3978	001101001011
0*	3979	011010010110
0*	3980	110100101100
0*	3981	101001011000
0	3982	01001011000
0*	3983	10010110000
1	3984	00101100001
0*	3985	01011000010
1	3986	10110000101
1*	3987	01100001011
1	3988	11000010111
1	3989	10000101111
1*	3990	00001011111
1	3991	00010111111
0	3992	00101111110
1	3993	01011111101
1	3994	10111111011
1	3995	01111110111
0	3996	11111101110
1	3997	11111011101
1*	3998	111110111011
0	3999	111101110110
1*	4000	111011101101
1*	4001	110111011011
1*	4002	101110110111
0*	4003	011101101110
1*	4004	111011011101
1	4005	11011011101
0	4006	10110111010
1	4007	01101110101
1	4008	11011101011
0	4009	10111010110
0	4010	01110101100
1	4011	11101011001
1*	4012	11010110011
0	4013	10101100110
1*	4014	101011001101
1*	4015	010110011011
1*	4016	101100110111
0	4017	011001101110
1*	4018	110011011101
1*	4019	100110111011
0	4020	001101110110
0*	4021	011011101100
0*	4022	110111011000
1*	4023	101110110001
1*	4024	011101100011
1*	4025	111011000111
0	4026	110110001110
1*	4027	101100011101
0*	4028	011000111010
0*	4029	110001110100
1*	4030	100011101001
1*	4031	000111010011
0*	4032	001110100110
0*	4033	011101001100
0*	4034	111010011000
0*	4035	110100110000
0*	4036	101001100000
0	4037	010011000000
0*	4038	100110000000
0	4039	00110000000
0*	4040	01100000000
0	4041	11000000000
1	4042	10000000001
0	4043	00000000010
0	4044	00000000100
1	4045	00000001001
0	4046	00000010010
0	4047	00000100100
1*	4048	00001001001
0	4049	00010010010
0	4050	00100100100
0	4051	01001001000
1	4052	10010010001
1*	4053	100100100011
1*	4054	001001000111
0*	4055	010010001110
0*	4056	100100011100
0*	4057	001000111000
1	4058	010001110001
1	4059	100011100011
0*	4060	000111000110
0	4061	00111000110
0	4062	01110001100
0	4063	11100011000
0	4064	11000110000
1	4065	10001100001
1*	4066	00011000011
1	4067	00110000111
0	4068	01100001110
0	4069	11000011100
1	4070	10000111001
1*	4071	00001110011
1	4072	00011100111
1*	4073	00111001111
1*	4074	01110011111
1	4075	11100111111
1	4076	11001111111
1	4077	10011111111
1	4078	00111111111
0	4079	01111111110
0	4080	11111111100
1	4081	11111111001
0	4082	11111110010
1	4083	11111100101
1	4084	11111001011
0*	4085	11110010110
0	4086	11100101100
0*	4087	11001011000
1	4088	10010110001
0	4089	00101100010
1*	4090	01011000101
0	4091	10110001010
0*	4092	01100010100
1	4093	11000101001
1	4094	10001010011
1	4095	00010100111
0	4096	00101001110
