x[n]	n	filled node (<-- root) (* denotes tiebreaker)
------------------------------------------------------------
1*	1	1
0	2	0
0*	3	00
1	4	01
1*	5	11
0	6	10
1*	7	101
1*	8	011
0*	9	110
0	10	100
0*	11	000
1	12	001
0	13	010
1*	14	0101
0*	15	1010
0	16	0100
1*	17	1001
0*	18	0010
1*	19	00101
1	20	1011
1	21	111
0*	22	1110
1*	23	1101
1*	24	11011
1*	25	0111
1	26	1111
1*	27	11111
0	28	11110
0	29	1100
0	30	1000
1*	31	0001
1	32	0011
0	33	0110
0*	34	01100
1*	35	11001
0*	36	10010
0	37	00100
0*	38	01000
0	39	0000
0*	40	00000
1	41	00001
1*	42	00011
0*	43	00110
1	44	01101
0	45	11010
0*	46	10100
1	47	01001
1	48	10011
1	49	00111
0*	50	01110
0*	51	11100
0	52	11000
1*	53	10001
0	54	00010
0*	55	000100
1*	56	001001
1*	57	010011
1*	58	100111
1	59	01111
0*	60	011110
1	61	11101
1*	62	111011
1*	63	10111
0*	64	101110
1*	65	011101
0	66	111010
1	67	10101
0*	68	01010
1*	69	010101
1	70	01011
0	71	10110
1*	72	101101
1*	73	011011
0*	74	110110
0	75	101100
1*	76	011001
0*	77	110010
0*	78	100100
0	79	001000
0	80	10000
1*	81	100001
1*	82	000011
0*	83	000110
1*	84	001101
0	85	011010
1*	86	110101
0*	87	101010
0	88	010100
0*	89	101000
1*	90	010001
1*	91	100011
1	92	000111
0*	93	001110
0	94	011100
0*	95	111000
0*	96	110000
0	97	100000
0*	98	000000
1	99	000001
0	100	000010
1	101	000101
0*	102	001010
0*	103	0010100
1	104	101001
0	105	010010
1	106	100101
1	107	001011
1*	108	010111
1	109	101111
1	110	011111
1*	111	111111
0	112	111110
1*	113	111101
0*	114	1111010
0	115	110100
1*	116	1101001
0*	117	1010010
1*	118	0100101
1*	119	1001011
0	120	010110
1*	121	0101101
1*	122	1011011
1	123	110111
0*	124	1101110
0*	125	1011100
1	126	111001
1	127	110011
0	128	100110
0	129	001100
0	130	011000
1	131	110001
0	132	100010
1*	133	1000101
1*	134	0001011
1*	135	0010111
0*	136	0101110
1	137	1011101
1*	138	0111011
1*	139	1110111
1	140	1101111
0*	141	1011110
0	142	111100
1*	143	1111001
0*	144	1110010
0*	145	1100100
1*	146	1001001
1*	147	0010011
0*	148	0100110
0*	149	1001100
1*	150	0011001
0*	151	0110010
1	152	1100101
0	153	1001010
1	154	0010101
1	155	101011
1*	156	1010111
1	157	0101111
1	158	1011111
1*	159	0111111
1*	160	1111111
0	161	1111110
1*	162	1111101
1	163	1111011
0	164	1110110
1*	165	1101101
0	166	1011010
0*	167	0110100
0	168	1101000
0	169	010000
1*	170	0100001
0*	171	1000010
1*	172	0000101
0	173	0001010
1*	174	00010101
1*	175	0101011
0	176	1010110
0	177	0101100
0*	178	1011000
0*	179	0110000
1*	180	1100001
1	181	1000011
1*	182	0000111
1	183	001111
0*	184	0011110
1*	185	0111101
1*	186	01111011
0*	187	11110110
0	188	1101100
1	189	1011001
1	190	0110011
1*	191	1100111
0*	192	1001110
1*	193	0011101
0	194	0111010
0*	195	1110100
0*	196	11101000
0*	197	1010000
0	198	0100000
0*	199	1000000
0*	200	0000000
1	201	0000001
1*	202	0000011
0	203	0000110
0*	204	0001100
0	205	0011000
1	206	0110001
0*	207	1100010
0	208	1000100
1*	209	0001001
0	210	0010010
0	211	0100100
0	212	1001000
0*	213	0010000
0*	214	00100000
1	215	1000001
0	216	0000010
0	217	0000100
0	218	0001000
1	219	0010001
0*	220	0100010
1*	221	01000101
1*	222	10001011
0	223	0010110
1*	224	00101101
1*	225	01011011
0*	226	0110110
1*	227	01101101
0*	228	11011010
1	229	0110101
0*	230	1101010
0*	231	1010100
1*	232	0101001
1	233	1010011
1	234	0100111
1	235	1001111
1	236	0011111
0	237	0111110
0	238	1111100
0	239	1111000
0*	240	1110000
0	241	1100000
0*	242	11000000
1*	243	10000001
0*	244	00000010
1*	245	00000101
0*	246	00001010
0	247	00010100
0	248	0101000
1	249	1010001
1	250	0100011
1*	251	1000111
0*	252	0001110
0	253	0011100
1*	254	0111001
1	255	1110011
0	256	1100110
1	257	1001101
0*	258	0011010
1*	259	00110101
1	260	1101011
0*	261	11010110
0*	262	10101100
1*	263	01011001
1*	264	10110011
1*	265	01100111
1*	266	11001111
1*	267	10011111
1*	268	00111111
0*	269	01111110
0*	270	11111100
1*	271	11111001
0*	272	11110010
0*	273	11100100
0*	274	11001000
0*	275	10010000
1	276	00100001
1*	277	01000011
1*	278	10000111
1	279	0001111
1*	280	00011111
0	281	00111110
0*	282	01111100
0	283	11111000
1	284	1110001
1	285	1100011
0	286	1000110
1	287	0001101
1	288	0011011
1	289	0110111
0*	290	01101110
1*	291	11011101
0*	292	10111010
1	293	1110101
1*	294	11101011
1	295	11010111
0*	296	10101110
1*	297	01011101
1	298	10111011
0*	299	01110110
1*	300	11101101
1	301	11011011
0*	302	10110110
0	303	01101100
0*	304	11011000
1*	305	10110001
1*	306	01100011
0*	307	11000110
0*	308	10001100
0*	309	00011000
1*	310	00110001
0	311	01100010
1*	312	11000101
0	313	10001010
0*	314	100010100
1*	315	00101001
1*	316	01010011
0*	317	10100110
1*	318	01001101
0*	319	10011010
0	320	00110100
1*	321	01101001
1*	322	11010011
1	323	10100111
0*	324	01001110
1*	325	10011101
1*	326	00111011
1	327	01110111
1*	328	11101111
1*	329	11011111
1*	330	10111111
1	331	01111111
0*	332	11111110
1	333	11111101
1*	334	11111011
1	335	11110111
0	336	11101110
0	337	11011100
0	338	0111000
1*	339	01110001
1*	340	11100011
1	341	11000111
1*	342	10001111
0	343	00011110
0	344	0111100
1*	345	01111001
1	346	11110011
1*	347	11100111
0	348	11001110
0	349	10011100
1*	350	00111001
1*	351	01110011
0	352	11100110
1*	353	11001101
1	354	10011011
1*	355	00110111
1	356	01101111
0	357	11011110
0*	358	10111100
0	359	01111000
0*	360	11110000
1*	361	11100001
1*	362	11000011
0	363	10000110
0*	364	00001100
1	365	00011001
1*	366	00110011
0	367	01100110
0	368	11001100
0*	369	10011000
0	370	00110000
1*	371	01100001
0	372	11000010
0*	373	10000100
1*	374	00001001
0*	375	00010010
0*	376	00100100
0*	377	01001000
1	378	10010001
0*	379	00100010
0	380	01000100
1*	381	10001001
1	382	00010011
0*	383	00100110
0	384	01001100
1	385	10011001
0	386	00110010
1*	387	01100101
1*	388	11001011
1*	389	10010111
0*	390	00101110
0	391	01011100
1*	392	10111001
0	393	01110010
1	394	11100101
0	395	11001010
1*	396	10010101
0	397	0101010
1	398	1010101
0*	399	10101010
0*	400	01010100
1*	401	10101001
0	402	01010010
1*	403	10100101
0*	404	01001010
0	405	10010100
0	406	00101000
0*	407	01010000
1*	408	10100001
0	409	01000010
1	410	10000101
1	411	00001011
0*	412	00010110
0	413	00101100
0	414	01011000
0	415	10110000
0	416	01100000
1	417	11000001
0*	418	10000010
0	419	00000100
0	420	00001000
0*	421	00010000
1*	422	000100001
1*	423	001000011
0*	424	010000110
1	425	00001101
1*	426	00011011
0	427	00110110
0*	428	001101100
1	429	11011001
0	430	10110010
0	431	01100100
1	432	11001001
0*	433	10010010
1	434	00100101
1	435	01001011
0	436	10010110
0*	437	100101100
1*	438	001011001
0*	439	010110010
1*	440	101100101
0*	441	011001010
0*	442	110010100
1*	443	100101001
1*	444	001010011
1*	445	010100111
1	446	01001111
0	447	10011110
0*	448	00111100
0*	449	001111000
1	450	11110001
0	451	11100010
0	452	11000100
0	453	10001000
1	454	00010001
1	455	00100011
1*	456	01000111
0	457	10001110
1*	458	00011101
0	459	00111010
1*	460	01110101
0	461	11101010
0*	462	11010100
0	463	10101000
1	464	01010001
1*	465	10100011
0	466	01000110
1	467	10001101
0	468	00011010
0*	469	000110100
0	470	01101000
1*	471	11010001
0	472	10100010
1*	473	101000101
1*	474	010001011
1	475	00010111
1	476	00101111
0*	477	01011110
1	478	10111101
0	479	01111010
1*	480	11110101
0*	481	111101010
1	482	11010101
1	483	10101011
0*	484	01010110
1	485	10101101
0	486	01011010
1*	487	10110101
1*	488	01101011
0*	489	011010110
0*	490	110101100
0*	491	101011000
1*	492	010110001
1*	493	101100011
1*	494	011000111
0*	495	110001110
0	496	00011100
0	497	00111000
0	498	01110000
0	499	11100000
1*	500	111000001
1	501	10000011
0*	502	00000110
0*	503	000001100
0*	504	000011000
1*	505	000110001
0*	506	001100010
1*	507	011000101
0*	508	110001010
1	509	100010101
0*	510	00101010
1	511	01010101
0*	512	010101010
1*	513	101010101
1	514	010101011
1	515	01010111
1	516	10101111
1	517	01011111
0	518	10111110
1	519	01111101
0	520	11111010
0	521	11110100
1	522	11101001
0	523	11010010
0	524	10100100
1	525	01001001
1	526	10010011
1	527	00100111
1*	528	001001111
1*	529	010011111
1*	530	100111111
0*	531	001111110
1*	532	011111101
0*	533	111111010
1*	534	111110101
1	535	111101011
1*	536	111010111
1*	537	110101111
1*	538	101011111
0*	539	010111110
1*	540	101111101
1*	541	011111011
0*	542	111110110
0	543	11101100
1*	544	111011001
1*	545	110110011
1*	546	101100111
0*	547	011001110
1*	548	110011101
0*	549	100111010
0	550	01110100
0*	551	011101000
0	552	11010000
0	553	10100000
1*	554	01000001
0*	555	010000010
0*	556	100000100
1*	557	000001001
0*	558	000010010
0*	559	000100100
0*	560	001001000
1*	561	010010001
1*	562	100100011
0*	563	001000110
1*	564	010001101
0*	565	100011010
1	566	000110101
0	567	01101010
1*	568	011010101
1*	569	110101011
0*	570	101010110
0*	571	010101100
1	572	101011001
1	573	010110011
0	574	101100110
0*	575	011001100
0*	576	110011000
0*	577	100110000
0*	578	001100000
0*	579	011000000
0	580	10000000
1*	581	00000001
1	582	00000011
1	583	00000111
1*	584	00001111
1*	585	000011111
1*	586	000111111
1	587	001111111
1	588	11111111
1*	589	111111111
0	590	111111110
0*	591	111111100
0*	592	111111000
0*	593	111110000
1*	594	111100001
1*	595	111000011
0*	596	110000110
0*	597	100001100
1	598	000011001
0*	599	000110010
0*	600	001100100
1*	601	011001001
0*	602	110010010
0*	603	100100100
1	604	001001001
0*	605	010010010
1	606	100100101
0*	607	001001010
0*	608	010010100
0	609	100101000
1*	610	001010001
1*	611	010100011
0*	612	101000110
0	613	010001100
1*	614	100011001
1	615	000110011
1*	616	001100111
1	617	011001111
0*	618	110011110
1	619	00111101
0*	620	001111010
1*	621	011110101
1*	622	0111101011
0	623	111010110
1	624	110101101
1*	625	101011011
1	626	10110111
0*	627	101101110
1*	628	011011101
0*	629	110111010
1*	630	101110101
0*	631	011101010
0*	632	111010100
0*	633	110101000
1*	634	101010001
0	635	010100010
0	636	101000100
1*	637	010001001
1*	638	100010011
0*	639	000100110
1*	640	001001101
0*	641	010011010
0*	642	100110100
0*	643	001101000
1*	644	011010001
1*	645	110100011
1	646	101000111
0*	647	010001110
0*	648	100011100
1*	649	000111001
1*	650	001110011
0*	651	011100110
0*	652	111001100
1	653	110011001
1*	654	100110011
0	655	001100110
1	656	011001101
1*	657	110011011
0*	658	100110110
1	659	001101101
0*	660	011011010
0	661	10110100
1*	662	101101001
0*	663	011010010
0*	664	110100100
0*	665	101001000
0	666	010010000
0*	667	100100000
0	668	01000000
1*	669	010000001
1*	670	100000011
0*	671	000000110
1	672	000001101
0*	673	000011010
0*	674	0000110100
1	675	001101001
1	676	011010011
0*	677	110100110
1*	678	101001101
1	679	010011011
1	680	100110111
1*	681	001101111
0*	682	011011110
0*	683	110111100
1*	684	101111001
1*	685	011110011
1*	686	111100111
1*	687	111001111
1	688	110011111
0	689	100111110
0*	690	001111100
0*	691	011111000
1	692	111110001
1*	693	111100011
0*	694	111000110
0*	695	110001100
0	696	100011000
0	697	000110000
1	698	001100001
1*	699	011000011
1	700	110000111
0	701	00001110
1*	702	000011101
1*	703	000111011
1*	704	001110111
0*	705	011101110
1*	706	111011101
1	707	110111011
0*	708	101110110
0*	709	011101100
0	710	111011000
1*	711	110110001
0	712	101100010
0	713	011000100
0*	714	110001000
0*	715	100010000
0	716	000100000
0*	717	001000000
0	718	010000000
0	719	00000000
1*	720	000000001
0*	721	000000010
0*	722	000000100
0	723	000001000
1*	724	000010001
0*	725	000100010
1*	726	001000101
0	727	010001010
1*	728	0100010101
1	729	00101011
0*	730	001010110
1	731	010101101
0	732	101011010
0*	733	010110100
0	734	101101000
0	735	011010000
1*	736	110100001
1*	737	101000011
1	738	010000111
1*	739	100001111
0	740	000011110
0*	741	000111100
1	742	001111001
0	743	011110010
0*	744	111100100
0*	745	111001000
1*	746	110010001
0	747	100100010
0	748	001000100
0	749	010001000
1	750	100010001
1	751	000100011
1	752	001000111
1	753	010001111
0*	754	100011110
1	755	000111101
1	756	001111011
1*	757	011110111
1*	758	111101111
1*	759	111011111
0*	760	110111110
0	761	101111100
1	762	011111001
0*	763	111110010
1	764	111100101
0*	765	111001010
1	766	110010101
0*	767	100101010
0*	768	001010100
0*	769	010101000
0	770	101010000
1*	771	010100001
0	772	101000010
0*	773	010000100
1*	774	100001001
1	775	000010011
1	776	000100111
0	777	001001110
0*	778	010011100
0*	779	100111000
0*	780	001110000
0*	781	011100000
0	782	111000000
1*	783	110000001
0	784	100000010
1	785	000000101
0*	786	000001010
1*	787	000010101
1*	788	000101011
1	789	001010111
1*	790	010101111
0	791	101011110
1*	792	010111101
1*	793	101111011
0	794	011110110
1*	795	111101101
0*	796	111011010
1*	797	110110101
0*	798	101101010
0	799	011010100
1	800	110101001
1*	801	101010011
0	802	010100110
0	803	101001100
1*	804	010011001
0	805	100110010
1	806	001100101
1	807	011001011
1*	808	110010111
1*	809	100101111
1*	810	001011111
1	811	010111111
0*	812	101111110
0	813	011111100
1	814	111111001
1	815	111110011
0	816	111100110
1	817	111001101
0	818	110011010
1	819	100110101
0*	820	001101010
1*	821	0011010101
0	822	110101010
0	823	101010100
1	824	010101001
0	825	101010010
1*	826	010100101
1*	827	101001011
0*	828	010010110
1	829	100101101
0*	830	001011010
1	831	010110101
1	832	101101011
1	833	011010111
0	834	110101110
0*	835	101011100
0	836	10111000
1*	837	101110001
0*	838	011100010
1*	839	111000101
1	840	110001011
1*	841	100010111
1*	842	000101111
0	843	001011110
0	844	010111100
0	845	101111000
0*	846	011110000
0	847	111100000
0*	848	1111000000
0	849	110000000
0*	850	100000000
0	851	000000000
0*	852	0000000000
1	853	0000000001
1	854	000000011
1	855	000000111
1*	856	000001111
1*	857	0000011111
0	858	000111110
1	859	001111101
0	860	011111010
0	861	111110100
0*	862	111101000
0*	863	111010000
0	864	110100000
1*	865	101000001
1	866	010000011
1*	867	100000111
0	868	000001110
0	869	000011100
0	870	000111000
1	871	001110001
1	872	011100011
1	873	111000111
1	874	110001111
1	875	100011111
1*	876	1000111111
0*	877	0001111110
1*	878	0011111101
1	879	111111011
1	880	111110111
0	881	111101110
0	882	111011100
0*	883	110111000
0	884	101110000
1	885	011100001
0	886	111000010
0*	887	110000100
0	888	100001000
0	889	000010000
1*	890	0000100001
0	891	001000010
1	892	010000101
1*	893	100001011
1*	894	000010111
0	895	000101110
1*	896	001011101
0*	897	010111010
0	898	101110100
1	899	011101001
0*	900	111010010
1	901	110100101
0	902	101001010
1	903	010010101
1	904	100101011
1*	905	1001010111
0	906	010101110
1	907	101011101
1	908	010111011
1	909	101110111
1	910	011101111
0	911	111011110
1	912	110111101
0	913	101111010
0	914	011110100
1	915	111101001
1	916	111010011
1	917	110100111
1*	918	101001111
0	919	010011110
1*	920	100111101
1*	921	1001111011
1*	922	0011110111
0*	923	0111101110
1*	924	1111011101
1*	925	1110111011
1*	926	1101110111
0*	927	1011101110
1*	928	0111011101
0	929	1110111010
1*	930	1101110101
1	931	011101011
1*	932	0111010111
1*	933	1110101111
1*	934	1101011111
1*	935	1010111111
1	936	101111111
1*	937	011111111
1*	938	0111111111
0*	939	1111111110
1	940	111111101
1*	941	1111111011
1*	942	1111110111
1*	943	1111101111
1*	944	1111011111
1	945	110111111
1*	946	1101111111
0	947	011111110
1*	948	0111111101
0	949	1111111010
0*	950	1111110100
1*	951	1111101001
0*	952	1111010010
0*	953	1110100100
1	954	101001001
1	955	010010011
1*	956	100100111
1*	957	1001001111
1*	958	0010011111
1*	959	0100111111
0*	960	1001111110
0	961	0011111100
1*	962	0111111001
1*	963	1111110011
1*	964	1111100111
0	965	111001110
0	966	110011100
1	967	100111001
0	968	001110010
1*	969	011100101
1	970	111001011
0	971	110010110
0*	972	1100101100
0	973	001011000
0	974	010110000
1*	975	101100001
0	976	011000010
1	977	110000101
0	978	100001010
0	979	000010100
0*	980	000101000
0	981	001010000
0	982	010100000
0	983	101000000
1*	984	1010000001
1*	985	0100000011
1*	986	1000000111
1*	987	0000001111
0	988	0000011110
0*	989	0000111100
0*	990	0001111000
1	991	011110001
0	992	111100010
0	993	111000100
1	994	110001001
0	995	100010010
1	996	000100101
1	997	001001011
1	998	010010111
0	999	100101110
0	1000	001011100
------------------------------------------------------------
Summary statistics:
x-bar = 0.507493
tie-breakers used = 553
fill length increases = 88
fill length decreases = 79
Large fill length decreases = 1
