x[n]	n	filled node (<-- root) (* denotes tiebreaker)
------------------------------------------------------------
1*	1	1
0	2	0
1*	3	01
1*	4	11
0	5	10
0	6	00
1*	7	001
1*	8	011
1*	9	111
0	10	110
1*	11	101
0	12	010
0	13	100
0	14	000
1*	15	0001
1*	16	0011
1*	17	0111
1*	18	1111
0	19	1110
1*	20	1101
1*	21	1011
0	22	0110
0	23	1100
1*	24	1001
0	25	0010
1*	26	0101
0	27	1010
0	28	0100
0	29	1000
0	30	0000
1*	31	00001
1*	32	00011
1*	33	00111
1*	34	01111
1*	35	11111
0	36	11110
1*	37	11101
1*	38	11011
1*	39	10111
0	40	01110
0	41	11100
1*	42	11001
1*	43	10011
0	44	00110
1*	45	01101
0	46	11010
1*	47	10101
1*	48	01011
0	49	10110
0	50	01100
0	51	11000
1*	52	10001
0	53	00010
1*	54	00101
0	55	01010
0	56	10100
1*	57	01001
0	58	10010
0	59	00100
0	60	01000
0	61	10000
0	62	00000
1*	63	000001
1*	64	000011
1*	65	000111
1*	66	001111
1*	67	011111
1*	68	111111
0	69	111110
1*	70	111101
1*	71	111011
1*	72	110111
1*	73	101111
0	74	011110
0	75	111100
1*	76	111001
1*	77	110011
1*	78	100111
0	79	001110
1*	80	011101
0	81	111010
1*	82	110101
1*	83	101011
1*	84	010111
0	85	101110
0	86	011100
0	87	111000
1*	88	110001
1*	89	100011
0	90	000110
1*	91	001101
1*	92	011011
0	93	110110
1*	94	101101
0	95	011010
0	96	110100
1*	97	101001
1*	98	010011
0	99	100110
0	100	001100
1*	101	011001
0	102	110010
1*	103	100101
1*	104	001011
0	105	010110
0	106	101100
0	107	011000
0	108	110000
1*	109	100001
0	110	000010
1*	111	000101
0	112	001010
1*	113	010101
0	114	101010
0	115	010100
0	116	101000
1*	117	010001
0	118	100010
0	119	000100
1*	120	001001
0	121	010010
0	122	100100
0	123	001000
0	124	010000
0	125	100000
0	126	000000
1*	127	0000001
1*	128	0000011
1*	129	0000111
1*	130	0001111
1*	131	0011111
1*	132	0111111
1*	133	1111111
0	134	1111110
1*	135	1111101
1*	136	1111011
1*	137	1110111
1*	138	1101111
1*	139	1011111
0	140	0111110
0	141	1111100
1*	142	1111001
1*	143	1110011
1*	144	1100111
1*	145	1001111
0	146	0011110
1*	147	0111101
0	148	1111010
1*	149	1110101
1*	150	1101011
1*	151	1010111
1*	152	0101111
0	153	1011110
0	154	0111100
0	155	1111000
1*	156	1110001
1*	157	1100011
1*	158	1000111
0	159	0001110
1*	160	0011101
1*	161	0111011
0	162	1110110
1*	163	1101101
1*	164	1011011
1*	165	0110111
0	166	1101110
1*	167	1011101
0	168	0111010
0	169	1110100
1*	170	1101001
1*	171	1010011
1*	172	0100111
0	173	1001110
0	174	0011100
1*	175	0111001
0	176	1110010
1*	177	1100101
1*	178	1001011
1*	179	0010111
0	180	0101110
0	181	1011100
0	182	0111000
0	183	1110000
1*	184	1100001
1*	185	1000011
0	186	0000110
1*	187	0001101
1*	188	0011011
0	189	0110110
0	190	1101100
1*	191	1011001
1*	192	0110011
0	193	1100110
1*	194	1001101
0	195	0011010
1*	196	0110101
0	197	1101010
1*	198	1010101
1*	199	0101011
0	200	1010110
1*	201	0101101
0	202	1011010
0	203	0110100
0	204	1101000
1*	205	1010001
1*	206	0100011
0	207	1000110
0	208	0001100
1*	209	0011001
0	210	0110010
0	211	1100100
1*	212	1001001
1*	213	0010011
0	214	0100110
0	215	1001100
0	216	0011000
1*	217	0110001
0	218	1100010
1*	219	1000101
1*	220	0001011
0	221	0010110
0	222	0101100
0	223	1011000
0	224	0110000
0	225	1100000
1*	226	1000001
0	227	0000010
1*	228	0000101
0	229	0001010
1*	230	0010101
0	231	0101010
0	232	1010100
1*	233	0101001
0	234	1010010
1*	235	0100101
0	236	1001010
0	237	0010100
0	238	0101000
0	239	1010000
1*	240	0100001
0	241	1000010
0	242	0000100
1*	243	0001001
0	244	0010010
0	245	0100100
0	246	1001000
1*	247	0010001
0	248	0100010
0	249	1000100
0	250	0001000
0	251	0010000
0	252	0100000
0	253	1000000
0	254	0000000
1*	255	00000001
1*	256	00000011
1*	257	00000111
1*	258	00001111
1*	259	00011111
1*	260	00111111
1*	261	01111111
1*	262	11111111
0	263	11111110
1*	264	11111101
1*	265	11111011
1*	266	11110111
1*	267	11101111
1*	268	11011111
1*	269	10111111
0	270	01111110
0	271	11111100
1*	272	11111001
1*	273	11110011
1*	274	11100111
1*	275	11001111
1*	276	10011111
0	277	00111110
1*	278	01111101
0	279	11111010
1*	280	11110101
1*	281	11101011
1*	282	11010111
1*	283	10101111
1*	284	01011111
0	285	10111110
0	286	01111100
0	287	11111000
1*	288	11110001
1*	289	11100011
1*	290	11000111
1*	291	10001111
0	292	00011110
1*	293	00111101
1*	294	01111011
0	295	11110110
1*	296	11101101
1*	297	11011011
1*	298	10110111
1*	299	01101111
0	300	11011110
1*	301	10111101
0	302	01111010
0	303	11110100
1*	304	11101001
1*	305	11010011
1*	306	10100111
1*	307	01001111
0	308	10011110
0	309	00111100
1*	310	01111001
0	311	11110010
1*	312	11100101
1*	313	11001011
1*	314	10010111
1*	315	00101111
0	316	01011110
0	317	10111100
0	318	01111000
0	319	11110000
1*	320	11100001
1*	321	11000011
1*	322	10000111
0	323	00001110
1*	324	00011101
1*	325	00111011
1*	326	01110111
0	327	11101110
1*	328	11011101
1*	329	10111011
0	330	01110110
0	331	11101100
1*	332	11011001
1*	333	10110011
1*	334	01100111
0	335	11001110
1*	336	10011101
0	337	00111010
1*	338	01110101
0	339	11101010
1*	340	11010101
1*	341	10101011
1*	342	01010111
0	343	10101110
1*	344	01011101
0	345	10111010
0	346	01110100
0	347	11101000
1*	348	11010001
1*	349	10100011
1*	350	01000111
0	351	10001110
0	352	00011100
1*	353	00111001
1*	354	01110011
0	355	11100110
1*	356	11001101
1*	357	10011011
1*	358	00110111
0	359	01101110
0	360	11011100
1*	361	10111001
0	362	01110010
0	363	11100100
1*	364	11001001
1*	365	10010011
1*	366	00100111
0	367	01001110
0	368	10011100
0	369	00111000
1*	370	01110001
0	371	11100010
1*	372	11000101
1*	373	10001011
1*	374	00010111
0	375	00101110
0	376	01011100
0	377	10111000
0	378	01110000
0	379	11100000
1*	380	11000001
1*	381	10000011
0	382	00000110
1*	383	00001101
1*	384	00011011
0	385	00110110
1*	386	01101101
0	387	11011010
1*	388	10110101
1*	389	01101011
0	390	11010110
1*	391	10101101
1*	392	01011011
0	393	10110110
0	394	01101100
0	395	11011000
1*	396	10110001
1*	397	01100011
0	398	11000110
1*	399	10001101
0	400	00011010
1*	401	00110101
0	402	01101010
0	403	11010100
1*	404	10101001
1*	405	01010011
0	406	10100110
1*	407	01001101
0	408	10011010
0	409	00110100
1*	410	01101001
0	411	11010010
1*	412	10100101
1*	413	01001011
0	414	10010110
1*	415	00101101
0	416	01011010
0	417	10110100
0	418	01101000
0	419	11010000
1*	420	10100001
1*	421	01000011
0	422	10000110
0	423	00001100
1*	424	00011001
1*	425	00110011
0	426	01100110
0	427	11001100
1*	428	10011001
0	429	00110010
1*	430	01100101
0	431	11001010
1*	432	10010101
1*	433	00101011
0	434	01010110
0	435	10101100
1*	436	01011001
0	437	10110010
0	438	01100100
0	439	11001000
1*	440	10010001
1*	441	00100011
0	442	01000110
0	443	10001100
0	444	00011000
1*	445	00110001
0	446	01100010
0	447	11000100
1*	448	10001001
1*	449	00010011
0	450	00100110
0	451	01001100
0	452	10011000
0	453	00110000
1*	454	01100001
0	455	11000010
1*	456	10000101
1*	457	00001011
0	458	00010110
0	459	00101100
0	460	01011000
0	461	10110000
0	462	01100000
0	463	11000000
1*	464	10000001
0	465	00000010
1*	466	00000101
0	467	00001010
1*	468	00010101
0	469	00101010
1*	470	01010101
0	471	10101010
0	472	01010100
0	473	10101000
1*	474	01010001
0	475	10100010
1*	476	01000101
0	477	10001010
0	478	00010100
1*	479	00101001
0	480	01010010
0	481	10100100
1*	482	01001001
0	483	10010010
1*	484	00100101
0	485	01001010
0	486	10010100
0	487	00101000
0	488	01010000
0	489	10100000
1*	490	01000001
0	491	10000010
0	492	00000100
1*	493	00001001
0	494	00010010
0	495	00100100
0	496	01001000
0	497	10010000
1*	498	00100001
0	499	01000010
0	500	10000100
0	501	00001000
1*	502	00010001
0	503	00100010
0	504	01000100
0	505	10001000
0	506	00010000
0	507	00100000
0	508	01000000
0	509	10000000
0	510	00000000
1*	511	000000001
1*	512	000000011
1*	513	000000111
1*	514	000001111
1*	515	000011111
1*	516	000111111
1*	517	001111111
1*	518	011111111
1*	519	111111111
0	520	111111110
1*	521	111111101
1*	522	111111011
1*	523	111110111
1*	524	111101111
1*	525	111011111
1*	526	110111111
1*	527	101111111
0	528	011111110
0	529	111111100
1*	530	111111001
1*	531	111110011
1*	532	111100111
1*	533	111001111
1*	534	110011111
1*	535	100111111
0	536	001111110
1*	537	011111101
0	538	111111010
1*	539	111110101
1*	540	111101011
1*	541	111010111
1*	542	110101111
1*	543	101011111
1*	544	010111111
0	545	101111110
0	546	011111100
0	547	111111000
1*	548	111110001
1*	549	111100011
1*	550	111000111
1*	551	110001111
1*	552	100011111
0	553	000111110
1*	554	001111101
1*	555	011111011
0	556	111110110
1*	557	111101101
1*	558	111011011
1*	559	110110111
1*	560	101101111
1*	561	011011111
0	562	110111110
1*	563	101111101
0	564	011111010
0	565	111110100
1*	566	111101001
1*	567	111010011
1*	568	110100111
1*	569	101001111
1*	570	010011111
0	571	100111110
0	572	001111100
1*	573	011111001
0	574	111110010
1*	575	111100101
1*	576	111001011
1*	577	110010111
1*	578	100101111
1*	579	001011111
0	580	010111110
0	581	101111100
0	582	011111000
0	583	111110000
1*	584	111100001
1*	585	111000011
1*	586	110000111
1*	587	100001111
0	588	000011110
1*	589	000111101
1*	590	001111011
1*	591	011110111
0	592	111101110
1*	593	111011101
1*	594	110111011
1*	595	101110111
1*	596	011101111
0	597	111011110
1*	598	110111101
1*	599	101111011
0	600	011110110
0	601	111101100
1*	602	111011001
1*	603	110110011
1*	604	101100111
1*	605	011001111
0	606	110011110
1*	607	100111101
0	608	001111010
1*	609	011110101
0	610	111101010
1*	611	111010101
1*	612	110101011
1*	613	101010111
1*	614	010101111
0	615	101011110
1*	616	010111101
0	617	101111010
0	618	011110100
0	619	111101000
1*	620	111010001
1*	621	110100011
1*	622	101000111
1*	623	010001111
0	624	100011110
0	625	000111100
1*	626	001111001
1*	627	011110011
0	628	111100110
1*	629	111001101
1*	630	110011011
1*	631	100110111
1*	632	001101111
0	633	011011110
0	634	110111100
1*	635	101111001
0	636	011110010
0	637	111100100
1*	638	111001001
1*	639	110010011
1*	640	100100111
1*	641	001001111
0	642	010011110
0	643	100111100
0	644	001111000
1*	645	011110001
0	646	111100010
1*	647	111000101
1*	648	110001011
1*	649	100010111
1*	650	000101111
0	651	001011110
0	652	010111100
0	653	101111000
0	654	011110000
0	655	111100000
1*	656	111000001
1*	657	110000011
1*	658	100000111
0	659	000001110
1*	660	000011101
1*	661	000111011
1*	662	001110111
0	663	011101110
0	664	111011100
1*	665	110111001
1*	666	101110011
1*	667	011100111
0	668	111001110
1*	669	110011101
1*	670	100111011
0	671	001110110
1*	672	011101101
0	673	111011010
1*	674	110110101
1*	675	101101011
1*	676	011010111
0	677	110101110
1*	678	101011101
1*	679	010111011
0	680	101110110
0	681	011101100
0	682	111011000
1*	683	110110001
1*	684	101100011
1*	685	011000111
0	686	110001110
1*	687	100011101
0	688	000111010
1*	689	001110101
1*	690	011101011
0	691	111010110
1*	692	110101101
1*	693	101011011
1*	694	010110111
0	695	101101110
1*	696	011011101
0	697	110111010
1*	698	101110101
0	699	011101010
0	700	111010100
1*	701	110101001
1*	702	101010011
1*	703	010100111
0	704	101001110
1*	705	010011101
0	706	100111010
0	707	001110100
1*	708	011101001
0	709	111010010
1*	710	110100101
1*	711	101001011
1*	712	010010111
0	713	100101110
1*	714	001011101
0	715	010111010
0	716	101110100
0	717	011101000
0	718	111010000
1*	719	110100001
1*	720	101000011
1*	721	010000111
0	722	100001110
0	723	000011100
1*	724	000111001
1*	725	001110011
0	726	011100110
0	727	111001100
1*	728	110011001
1*	729	100110011
1*	730	001100111
0	731	011001110
0	732	110011100
1*	733	100111001
0	734	001110010
1*	735	011100101
0	736	111001010
1*	737	110010101
1*	738	100101011
1*	739	001010111
0	740	010101110
0	741	101011100
1*	742	010111001
0	743	101110010
0	744	011100100
0	745	111001000
1*	746	110010001
1*	747	100100011
1*	748	001000111
0	749	010001110
0	750	100011100
0	751	000111000
1*	752	001110001
1*	753	011100011
0	754	111000110
1*	755	110001101
1*	756	100011011
1*	757	000110111
0	758	001101110
0	759	011011100
0	760	110111000
1*	761	101110001
0	762	011100010
0	763	111000100
1*	764	110001001
1*	765	100010011
1*	766	000100111
0	767	001001110
0	768	010011100
0	769	100111000
0	770	001110000
1*	771	011100001
0	772	111000010
1*	773	110000101
1*	774	100001011
1*	775	000010111
0	776	000101110
0	777	001011100
0	778	010111000
0	779	101110000
0	780	011100000
0	781	111000000
1*	782	110000001
1*	783	100000011
0	784	000000110
1*	785	000001101
1*	786	000011011
0	787	000110110
1*	788	001101101
1*	789	011011011
0	790	110110110
1*	791	101101101
0	792	011011010
0	793	110110100
1*	794	101101001
1*	795	011010011
0	796	110100110
1*	797	101001101
1*	798	010011011
0	799	100110110
0	800	001101100
1*	801	011011001
0	802	110110010
1*	803	101100101
1*	804	011001011
0	805	110010110
1*	806	100101101
1*	807	001011011
0	808	010110110
0	809	101101100
0	810	011011000
0	811	110110000
1*	812	101100001
1*	813	011000011
0	814	110000110
1*	815	100001101
0	816	000011010
1*	817	000110101
1*	818	001101011
0	819	011010110
0	820	110101100
1*	821	101011001
1*	822	010110011
0	823	101100110
1*	824	011001101
0	825	110011010
1*	826	100110101
0	827	001101010
1*	828	011010101
0	829	110101010
1*	830	101010101
1*	831	010101011
0	832	101010110
1*	833	010101101
0	834	101011010
1*	835	010110101
0	836	101101010
0	837	011010100
0	838	110101000
1*	839	101010001
1*	840	010100011
0	841	101000110
1*	842	010001101
0	843	100011010
0	844	000110100
1*	845	001101001
0	846	011010010
0	847	110100100
1*	848	101001001
1*	849	010010011
0	850	100100110
1*	851	001001101
0	852	010011010
0	853	100110100
0	854	001101000
1*	855	011010001
0	856	110100010
1*	857	101000101
1*	858	010001011
0	859	100010110
1*	860	000101101
0	861	001011010
0	862	010110100
0	863	101101000
0	864	011010000
0	865	110100000
1*	866	101000001
1*	867	010000011
0	868	100000110
0	869	000001100
1*	870	000011001
1*	871	000110011
0	872	001100110
0	873	011001100
0	874	110011000
1*	875	100110001
1*	876	001100011
0	877	011000110
0	878	110001100
1*	879	100011001
0	880	000110010
1*	881	001100101
0	882	011001010
0	883	110010100
1*	884	100101001
1*	885	001010011
0	886	010100110
0	887	101001100
1*	888	010011001
0	889	100110010
0	890	001100100
1*	891	011001001
0	892	110010010
1*	893	100100101
1*	894	001001011
0	895	010010110
0	896	100101100
1*	897	001011001
0	898	010110010
0	899	101100100
0	900	011001000
0	901	110010000
1*	902	100100001
1*	903	001000011
0	904	010000110
0	905	100001100
0	906	000011000
1*	907	000110001
0	908	001100010
1*	909	011000101
0	910	110001010
1*	911	100010101
1*	912	000101011
0	913	001010110
0	914	010101100
0	915	101011000
1*	916	010110001
0	917	101100010
0	918	011000100
0	919	110001000
1*	920	100010001
1*	921	000100011
0	922	001000110
0	923	010001100
0	924	100011000
0	925	000110000
1*	926	001100001
0	927	011000010
0	928	110000100
1*	929	100001001
1*	930	000010011
0	931	000100110
0	932	001001100
0	933	010011000
0	934	100110000
0	935	001100000
1*	936	011000001
0	937	110000010
1*	938	100000101
1*	939	000001011
0	940	000010110
0	941	000101100
0	942	001011000
0	943	010110000
0	944	101100000
0	945	011000000
0	946	110000000
1*	947	100000001
0	948	000000010
1*	949	000000101
0	950	000001010
1*	951	000010101
0	952	000101010
1*	953	001010101
0	954	010101010
0	955	101010100
1*	956	010101001
0	957	101010010
1*	958	010100101
0	959	101001010
1*	960	010010101
0	961	100101010
0	962	001010100
0	963	010101000
0	964	101010000
1*	965	010100001
0	966	101000010
1*	967	010000101
0	968	100001010
0	969	000010100
1*	970	000101001
0	971	001010010
0	972	010100100
0	973	101001000
1*	974	010010001
0	975	100100010
1*	976	001000101
0	977	010001010
0	978	100010100
0	979	000101000
1*	980	001010001
0	981	010100010
0	982	101000100
1*	983	010001001
0	984	100010010
1*	985	000100101
0	986	001001010
0	987	010010100
0	988	100101000
0	989	001010000
0	990	010100000
0	991	101000000
1*	992	010000001
0	993	100000010
0	994	000000100
1*	995	000001001
0	996	000010010
0	997	000100100
1*	998	001001001
0	999	010010010
0	1000	100100100
------------------------------------------------------------
Summary statistics:
x-bar = 0.507493
tie-breakers used = 508
fill length increases = 8
fill length decreases = 0
