x[n]	n	filled node (<-- root) (* denotes tiebreaker) ------------------------------------------------------------
1*	1	1
0	2	0
1*	3	01
0*	4	10
0	5	00
1*	6	001
1	7	11
0*	8	110
0*	9	100
0	10	000
1*	11	0001
0*	12	010
1	13	101
1	14	011
1	15	111
0*	16	1110
0*	17	1100
1*	18	1001
0*	19	0010
0*	20	0100
0	21	1000
0	22	0000
0*	23	00000
1	24	00001
1	25	0011
0*	26	0110
1	27	1101
1*	28	1011
1	29	0111
1	30	1111
0*	31	11110
0*	32	11100
0*	33	11000
0*	34	10000
0*	35	100000
1*	36	000001
0*	37	00010
1	38	0101
0	39	1010
0*	40	10100
0*	41	01000
1	42	10001
1	43	00011
0*	44	00110
0*	45	01100
1	46	11001
0*	47	10010
1*	48	00101
0*	49	01010
1	50	10101
1	51	01011
0*	52	10110
1	53	01101
0*	54	11010
0*	55	110100
1	56	01001
1	57	10011
1	58	00111
0*	59	01110 
1	60	11101
1	61	11011
1	62	10111
1	63	01111
1	64	11111
0*	65	111110
0*	66	111100
1*	67	111001
0*	68	110010
0	69	00100
0*	70	001000
0*	71	010000
1	72	100001
0*	73	000010
0*	74	000100
1	75	001001
0*	76	010010
0*	77	100100
0*	78	1001000
1	79	010001
1*	80	100011
0*	81	000110
0*	82	001100
0*	83	011000
0*	84	110000
0*	85	1100000
0	86	000000
0*	87	0000000
1	88	0000001
1	89	000011
1	90	000111
0*	91	001110
0*	92	011100
0	93	111000
1	94	110001
0	95	100010
1	96	000101
0*	97	001010
1*	98	010101
0*	99	101010
0	100	010100
0*	101	101000
0*	102	1010000
0*	103	0100000
0*	104	1000000
0*	105	10000000
0*	106	00000000
1	107	00000001
0*	108	0000010
0*	109	0000100
0*	110	0001000
1*	111	0010001
0*	112	0100010
0*	113	1000100
1	114	0001001
1	115	010011
0*	116	100110
1	117	001101
0*	118	011010
1	119	110101
1	120	101011
0*	121	010110
0*	122	101100
1	123	011001
1	124	110011
1	125	100111
1	126	001111
0*	127	011110
1	128	111101
0*	129	111010
0*	130	1110100
1	131	101001
0*	132	1010010
1	133	100101
1	134	001011
1	135	010111
0*	136	101110
1	137	011101
1	138	111011
1*	139	110111
1	140	101111
1	141	011111
1	142	111111
0*	143	1111110
0*	144	1111100
0*	145	1111000
0*	146	1110000
1	147	1100001
0*	148	1000010
1	149	0000101
0*	150	0001010
0*	151	0010100
0*	152	0101000
1	153	1010001
1	154	0100011
0*	155	1000110
0*	156	0001100
0*	157	0011000
0*	158	0110000
1*	159	01100001
1	160	1000011
0*	161	0000110
1	162	0001101
1	163	011011
0	164	110110
1	165	101101
0*	166	1011010
0*	167	0110100
0*	168	1101000
0*	169	11010000
1	170	0100001
0*	171	01000010
0*	172	10000100
0*	173	00001000
0	174	0010000
0*	175	00100000
1	176	1000001
1	177	0000011
1	178	0000111
0*	179	0001110
0*	180	0011100
0*	181	0111000
1	182	1110001
0*	183	1100010
1	184	1000101
1	185	0001011
1*	186	0010111
0*	187	0101110
0*	188	1011100
1	189	0111001
0*	190	1110010
0*	191	1100100
1	192	1001001
0*	193	0010010
0*	194	0100100
0*	195	01001000
0*	196	10010000
1	197	00100001
1	198	01000011
0*	199	10000110
0*	200	00001100
1	201	0011001
0*	202	0110010
1	203	1100101
0*	204	1001010
1	205	0010101
0*	206	0101010
0*	207	1010100
1	208	0101001
1	209	1010011
1*	210	0100111
0*	211	1001110
1	212	0011101
0*	213	0111010
1	214	1110101
0*	215	1101010
1	216	1010101
1	217	0101011
0*	218	1010110
0*	219	0101100
0*	220	1011000
1	221	0110001
1	222	1100011
1	223	1000111
1	224	0001111
0*	225	0011110
0*	226	0111100
1	227	1111001
1	228	1110011
0*	229	1100110
0*	230	1001100
0*	231	10011000
0*	232	00110000
0	233	01100000
0*	234	11000000
1	235	10000001
0*	236	00000010
0*	237	00000100
1	238	00001001
1	239	0010011
0	240	0100110
1	241	1001101
1*	242	0011011
0*	243	0110110
0*	244	1101100
1	245	1011001
1	246	0110011
1	247	1100111
1	248	1001111
1	249	0011111
0*	250	0111110
1	251	1111101
0*	252	1111010
0*	253	11110100
1	254	1101001
0*	255	11010010
1	256	0100101
1	257	1001011
0	258	0010110
1	259	0101101
1	260	1011011
1	261	0110111
0*	262	1101110
1	263	1011101
1	264	0111011
0*	265	1110110
1	266	1101101
0*	267	11011010
1	268	0110101
1	269	1101011
1	270	1010111
1	271	0101111
0*	272	1011110
1	273	0111101
1	274	1111011
1	275	1110111
1	276	1101111
1	277	1011111
1	278	0111111
1	279	1111111
0*	280	11111110
0*	281	11111100
0*	282	11111000
0*	283	11110000
0*	284	11100000
1	285	11000001
0*	286	10000010
1	287	00000101
1*	288	00001011
0*	289	00010110
0*	290	00101100
0*	291	01011000
0*	292	10110000
0*	293	101100000
0*	294	011000000
0*	295	110000000
0*	296	100000000
0*	297	000000000
1	298	000000001
1	299	00000011
0*	300	00000110
1	301	00001101
0	302	0011010
0*	303	00110100
0*	304	01101000
1	305	11010001
0*	306	10100010
0*	307	01000100
0*	308	10001000
0*	309	00010000
0*	310	000100000
1*	311	01000001
1	312	10000011
1	313	00000111
0*	314	00001110
0*	315	00011100
0*	316	00111000
0*	317	01110000
1	318	11100001
0*	319	11000010
1	320	10000101
0	321	00001010
0*	322	00010100
0*	323	00101000
0*	324	01010000
0*	325	10100000
0	326	01000000
0*	327	010000000
1	328	100000001
0*	329	000000010
0*	330	000000100
0*	331	000001000
1	332	00010001
0*	333	00100010
1	334	01000101
0*	335	10001010
1	336	00010101
0*	337	00101010
0*	338	01010100
0*	339	10101000
1	340	01010001
1	341	10100011
1*	342	01000111
0*	343	10001110
1	344	00011101
0*	345	00111010
0*	346	01110100
0*	347	11101000
0*	348	111010000
1	349	10100001
0*	350	101000010
0*	351	010000100
0*	352	100001000
0*	353	000010000
1	354	000100001
0*	355	001000010
1	356	010000101
0*	357	100001010
0*	358	000010100
1	359	00101001
0*	360	01010010
0*	361	10100100
1	362	01001001
0*	363	10010010
0*	364	00100100
0*	365	001001000
1	366	10010001
1	367	00100011
0	368	01000110
0*	369	10001100
0*	370	00011000
1	371	00110001
1*	372	01100011
0*	373	11000110
1	374	10001101
0*	375	00011010
1	376	00110101
0*	377	01101010
0*	378	11010100
1	379	10101001
1	380	01010011
0*	381	10100110
0*	382	01001100
1	383	10011001
0*	384	00110010
0*	385	01100100
0*	386	11001000
0*	387	110010000
0*	388	100100000
0*	389	001000000
1	390	010000001
0*	391	100000010
1	392	000000101
0*	393	000001010
1	394	000010101
1	395	00101011
0*	396	01010110
0*	397	10101100
1	398	01011001
0*	399	10110010
1	400	01100101
0*	401	11001010
0*	402	10010100
0*	403	100101000
1*	404	001010001
0*	405	010100010
0*	406	101000100
1	407	10001001
0*	408	00010010
1	409	00100101
0*	410	01001010
1	411	10010101
0*	412	100101010
1	413	01010101
0*	414	10101010
0*	415	101010100
0*	416	010101000
0*	417	101010000
0*	418	010100000
0*	419	101000000
0*	420	1010000000
0*	421	0100000000
0*	422	1000000000
0*	423	0000000000
1	424	0000000001
1	425	000000011
0*	426	000000110
0*	427	000001100
1	428	00011001
1	429	00110011
0*	430	01100110
0*	431	11001100
0*	432	110011000
0*	433	100110000
1*	434	001100001
1	435	11000011
1	436	10000111
1	437	00001111
0*	438	00011110
0*	439	00111100
0*	440	01111000
1	441	11110001
0*	442	11100010
0*	443	11000100
0*	444	110001000
0*	445	100010000
0*	446	1000100000
1	447	001000001
0*	448	010000010
0*	449	100000100
1	450	000001001
1	451	00010011
0*	452	00100110
1	453	01001101
0*	454	10011010
0*	455	100110100
1	456	01101001
1	457	11010011
1	458	10100111
0*	459	01001110
0*	460	10011100
1	461	00111001
0*	462	01110010
0*	463	11100100
1	464	11001001
1	465	10010011
1	466	00100111
1	467	01001111
0*	468	10011110
1	469	00111101
0*	470	01111010
1	471	11110101
0*	472	11101010
1	473	11010101
1	474	10101011
1	475	01010111
0*	476	10101110
0*	477	01011100
1*	478	10111001
1	479	01110011
0*	480	11100110
1	481	11001101
1	482	10011011
0*	483	00110110
0*	484	01101100
0*	485	11011000
1	486	10110001
0	487	01100010
1	488	11000101
1	489	10001011
1	490	00010111
0*	491	00101110
1	492	01011101
0*	493	10111010
1	494	01110101
1	495	11101011
0*	496	11010110
1	497	10101101
0*	498	01011010
0*	499	10110100
0*	500	101101000
0*	501	011010000
0*	502	110100000
1	503	101000001
1	504	010000011
0*	505	100000110
1	506	000001101
1	507	00011011
1	508	00110111
0*	509	01101110
0*	510	11011100
0	511	10111000
1	512	01110001
1	513	11100011
1	514	11000111
1	515	10001111
1	516	00011111
0*	517	00111110
0*	518	01111100
1	519	11111001
0*	520	11110010
1	521	11100101
1	522	11001011
0*	523	10010110
1	524	00101101
1	525	01011011
0*	526	10110110
1	527	01101101
1	528	11011011
1	529	10110111
1	530	01101111
0*	531	11011110
0*	532	10111100
1	533	01111001
1	534	11110011
1	535	11100111
0*	536	11001110
1	537	10011101
1	538	00111011
1*	539	01110111
0*	540	11101110
1	541	11011101
1	542	10111011
0	543	01110110
0*	544	11101100
1	545	11011001
1	546	10110011
1	547	01100111
1	548	11001111
1	549	10011111
1	550	00111111
0*	551	01111110
1	552	11111101
0*	553	11111010
0*	554	111110100
1	555	11101001
0*	556	111010010
1	557	10100101
1	558	01001011
1	559	10010111
1	560	00101111
0*	561	01011110
1	562	10111101
1	563	01111011
0*	564	11110110
1	565	11101101
0*	566	111011010
1	567	10110101
1	568	01101011
1	569	11010111
1	570	10101111
1	571	01011111
0*	572	10111110
1	573	01111101
1	574	11111011
1	575	11110111
1	576	11101111
1	577	11011111
1	578	10111111
1	579	01111111
1	580	11111111
0*	581	111111110
0*	582	111111100
0*	583	111111000
0*	584	111110000
0*	585	111100000
0*	586	111000000
1	587	110000001
1	588	100000011
1	589	000000111
0*	590	000001110
0*	591	000011100
0*	592	000111000
0*	593	001110000
0*	594	011100000
1	595	111000001
0*	596	110000010
1	597	100000101
1	598	000001011
0*	599	000010110
0*	600	000101100
1*	601	001011001
0*	602	010110010
0*	603	101100100
0*	604	011001000
1	605	110010001
0*	606	100100010
0*	607	001000100
0*	608	010001000
1	609	100010001
0*	610	000100010
1	611	001000101
0*	612	010001010
0*	613	100010100
0*	614	000101000
0	615	001010000
1	616	010100001
1	617	101000011
0*	618	010000110
0*	619	100001100
0*	620	000011000
0*	621	000110000
0	622	001100000
1	623	011000001
1	624	110000011
1	625	100000111
1	626	000001111
0*	627	000011110
0*	628	000111100
0*	629	001111000
0*	630	011110000
1	631	111100001
0*	632	111000010
0*	633	110000100
1	634	100001001
0*	635	000010010
0*	636	000100100
1	637	001001001
0*	638	010010010
0*	639	100100100
0*	640	1001001000
1*	641	010010001
1	642	100100011
0*	643	001000110
0*	644	010001100
0*	645	100011000
1	646	000110001
0*	647	001100010
0*	648	011000100
1	649	110001001
0*	650	100010010
1	651	000100101
0*	652	001001010
0*	653	010010100
1	654	100101001
0*	655	001010010
0*	656	010100100
0*	657	101001000
0	658	010010000
1	659	100100001
1	660	001000011
1	661	010000111
0*	662	100001110
1	663	000011101
0*	664	000111010
0*	665	001110100
0*	666	011101000
1	667	111010001
0*	668	110100010
1	669	101000101
1	670	010001011
0*	671	100010110
1	672	000101101
0*	673	001011010
0*	674	010110100
1	675	101101001
0*	676	011010010
0*	677	110100100
1	678	101001001
1	679	010010011
0*	680	100100110
0*	681	001001100
0*	682	010011000
1	683	100110001
1	684	001100011
0*	685	011000110
0*	686	110001100
1	687	100011001
1*	688	000110011
0*	689	001100110
0*	690	011001100
1	691	110011001
0*	692	100110010
0*	693	001100100
1	694	011001001
0*	695	110010010
1	696	100100101
1	697	001001011
0*	698	010010110
0*	699	100101100
0	700	001011000
0*	701	010110000
1	702	101100001
0*	703	011000010
1	704	110000101
1	705	100001011
1	706	000010111
0*	707	000101110
0*	708	001011100
0*	709	010111000
0*	710	101110000
1	711	011100001
1	712	111000011
0*	713	110000110
1	714	100001101
0*	715	000011010
0*	716	000110100
0*	717	001101000
1	718	011010001
1	719	110100011
0*	720	101000110
1	721	010001101
0*	722	100011010
1	723	000110101
0*	724	001101010
0*	725	011010100
0*	726	110101000
1	727	101010001
1	728	010100011
1	729	101000111
0*	730	010001110
0*	731	100011100
1	732	000111001
0*	733	001110010
0*	734	011100100
0*	735	111001000
1*	736	1110010001
0*	737	1100100010
0*	738	1001000100
1	739	010001001
1	740	100010011
0*	741	000100110
1	742	001001101
0*	743	010011010
1	744	100110101
1	745	001101011
0*	746	011010110
0*	747	110101100
0*	748	101011000
1	749	010110001
0*	750	101100010
1	751	011000101
0*	752	110001010
1	753	100010101
0*	754	000101010
0*	755	001010100
1	756	010101001
0*	757	101010010
1	758	010100101
0*	759	101001010
1	760	010010101
1	761	100101011
0*	762	001010110
0*	763	010101100
1	764	101011001
1	765	010110011
0*	766	101100110
1	767	011001101
0*	768	110011010
0*	769	1100110100
1	770	001101001
1	771	011010011
0*	772	110100110
0*	773	101001100
1	774	010011001
1	775	100110011
1	776	001100111
0*	777	011001110
0*	778	110011100
0*	779	100111000
1	780	001110001
0*	781	011100010
0*	782	111000100
0*	783	1110001000
0*	784	1100010000
1	785	1000100001
0*	786	0001000010
1*	787	0010000101
0*	788	0100001010
0*	789	1000010100
1	790	000101001
1	791	001010011
0*	792	010100110
1	793	101001101
1	794	010011011
0*	795	100110110
0*	796	001101100
0*	797	011011000
0*	798	110110000
0*	799	1101100000
0*	800	1011000000
0*	801	0110000000
0*	802	1100000000
1	803	1000000001
0*	804	0000000010
0*	805	0000000100
0*	806	0000001000
1	807	000010001
1	808	000100011
1	809	001000111
1	810	010001111
0*	811	100011110
1	812	000111101
0*	813	001111010
0*	814	011110100
0*	815	111101000
0*	816	1111010000
1	817	110100001
0*	818	1101000010
0*	819	1010000100
0*	820	0100001000
0*	821	1000010000
0*	822	0000100000
0*	823	0001000000
0*	824	0010000000
1	825	0100000001
0*	826	1000000010
1	827	0000000101
0*	828	0000001010
0*	829	0000010100
1*	830	0000101001
0*	831	0001010010
0*	832	0010100100
0*	833	0101001000
0*	834	1010010000
0*	835	0100100000
0*	836	1001000000
1	837	0010000001
0*	838	0100000010
0*	839	1000000100
1	840	0000001001
1	841	000010011
1	842	000100111
0*	843	001001110
0*	844	010011100
1	845	100111001
1	846	001110011
0*	847	011100110
0*	848	111001100
0*	849	1110011000
0*	850	1100110000
0*	851	1001100000
0*	852	0011000000
1	853	0110000001
0*	854	1100000010
1	855	1000000101
1	856	0000001011
0*	857	0000010110
0*	858	0000101100
0*	859	0001011000
0*	860	0010110000
0*	861	0101100000
1	862	1011000001
0*	863	0110000010
0*	864	1100000100
0*	865	1000001000
0*	866	0000010000
1	867	0000100001
1	868	0001000011
0*	869	0010000110
0*	870	0100001100
1	871	000011001
0	872	000110010
1	873	001100101
0*	874	011001010
0*	875	110010100
1*	876	1100101001
0*	877	1001010010
1	878	0010100101
1	879	101001011
1	880	010010111
0*	881	100101110
1	882	001011101
0*	883	010111010
0*	884	101110100
1	885	011101001
1	886	111010011
1	887	110100111
0*	888	101001110
1	889	010011101
0*	890	100111010
1	891	001110101
0*	892	011101010
0*	893	111010100
1	894	110101001
1	895	101010011
1	896	010100111
1	897	101001111
0*	898	010011110
0*	899	100111100
1	900	001111001
0*	901	011110010
0*	902	111100100
1	903	111001001
1	904	110010011
1	905	100100111
1	906	001001111
1	907	010011111
0*	908	100111110
0*	909	001111100
0*	910	011111000
1	911	111110001
0*	912	111100010
1	913	111000101
1	914	110001011
1	915	100010111
1	916	000101111
0*	917	001011110
0*	918	010111100
0*	919	101111000
1	920	011110001
1	921	111100011
0*	922	111000110
1	923	110001101
1	924	100011011
0*	925	000110110
1	926	001101101
0*	927	011011010
0*	928	110110100
0*	929	1101101000
0*	930	1011010000
0*	931	0110100000
0*	932	1101000000
1	933	1010000001
1	934	0100000011
0*	935	1000000110
0*	936	0000001100
0*	937	0000011000
0*	938	0000110000
1*	939	0001100001
1	940	011000011
1	941	110000111
1	942	100001111
1	943	000011111
0*	944	000111110
1	945	001111101
0*	946	011111010
1	947	111110101
0*	948	111101010
1	949	111010101
0*	950	110101010
1	951	101010101
0*	952	010101010
0*	953	0101010100
0*	954	1010101000
0*	955	0101010000
0*	956	1010100000
0*	957	0101000000
0*	958	01010000000
0*	959	10100000000
0*	960	01000000000
0*	961	10000000000
0*	962	00000000000
1	963	00000000001
1	964	0000000011
0*	965	0000000110
1	966	0000001101
1	967	000011011
1	968	000110111
0*	969	001101110
0*	970	011011100
0*	971	110111000
1	972	101110001
1	973	011100011
1	974	111000111
0*	975	110001110
1	976	100011101
1	977	000111011
0*	978	001110110
0*	979	011101100
0*	980	111011000
1	981	110110001
1	982	101100011
1	983	011000111
1	984	110001111
1	985	100011111
1	986	000111111
0*	987	001111110
0*	988	011111100
1	989	111111001
0*	990	111110010
1	991	111100101
0*	992	111001010
1	993	110010101
0*	994	1100101010
1	995	001010101
1	996	010101011
0*	997	101010110
1	998	010101101
0*	999	101011010
1	1000	010110101
------------------------------------------------------------
Summary statistics:
x-bar = 0.445554
tie-breakers used = 560
fill length increases = 65
fill length decreases = 57
