n x(n) (tie-breakers used): tail filled at time n.

1 1 (1):		1
2 0 (1):		0
3 0 (2):		00
4 1 (2):		01
5 1 (3):		11
6 0 (3):		10
7 0 (4):		100
8 1 (5):		001
9 0 (6):		010
10 1 (6):		101
11 1 (6):		011
12 1 (7):		111
13 0 (7):		110
14 0 (8):		1100
15 1 (9):		1001
16 0 (10):		0010
17 1 (11):		0101
18 0 (12):		1010
19 0 (12):		0100
20 0 (12):		1000
21 0 (12):		000
22 1 (13):		0001
23 1 (13):		0011
24 0 (14):		0110
25 1 (14):		1101
26 1 (14):		1011
27 1 (14):		0111
28 1 (15):		1111
29 0 (15):		1110
30 0 (16):		11100
31 1 (17):		11001
32 0 (18):		10010
33 1 (19):		00101
34 0 (20):		01010
35 1 (21):		10101
36 1 (21):		01011
37 0 (22):		10110
38 1 (23):		01101
39 0 (24):		11010
40 0 (24):		10100
41 1 (25):		01001
42 1 (25):		10011
43 0 (26):		00110
44 0 (26):		01100
45 0 (26):		11000
46 1 (27):		10001
47 0 (28):		00010
48 0 (28):		00100
49 0 (28):		01000
50 0 (28):		10000
51 0 (28):		0000
52 1 (29):		00001
53 1 (29):		00011
54 1 (29):		00111
55 0 (30):		01110
56 1 (30):		11101
57 1 (30):		11011
58 1 (30):		10111
59 1 (30):		01111
60 1 (31):		11111
61 0 (31):		11110
62 0 (32):		111100
63 1 (33):		111001
64 0 (34):		110010
65 1 (35):		100101
66 0 (36):		001010
67 1 (37):		010101
68 0 (38):		101010
69 0 (38):		010100
70 1 (39):		101001
71 0 (40):		010010
72 0 (40):		100100
73 1 (41):		001001
74 1 (41):		010011
75 0 (42):		100110
76 1 (43):		001101
77 0 (44):		011010
78 1 (45):		110101
79 1 (45):		101011
80 0 (46):		010110
81 1 (47):		101101
82 1 (47):		011011
83 0 (48):		110110
84 0 (48):		101100
85 1 (49):		011001
86 1 (49):		110011
87 1 (49):		100111
88 0 (50):		001110
89 1 (51):		011101
90 0 (52):		111010
91 0 (52):		110100
92 0 (52):		101000
93 1 (53):		010001
94 0 (54):		100010
95 1 (55):		000101
96 1 (55):		001011
97 1 (55):		010111
98 0 (56):		101110
99 0 (56):		011100
100 0 (56):		111000
101 1 (57):		110001
102 1 (57):		100011
103 0 (58):		000110
104 0 (58):		001100
105 0 (58):		011000
106 0 (58):		110000
107 1 (59):		100001
108 0 (60):		000010
109 0 (60):		000100
110 0 (60):		001000
111 0 (60):		010000
112 0 (60):		100000
113 0 (60):		00000
114 1 (61):		000001
115 1 (61):		000011
116 1 (61):		000111
117 1 (61):		001111
118 0 (62):		011110
119 1 (62):		111101
120 1 (62):		111011
121 1 (62):		110111
122 1 (62):		101111
123 1 (62):		011111
124 1 (63):		111111
125 0 (63):		111110
126 0 (64):		1111100
127 1 (65):		1111001
128 0 (66):		1110010
129 1 (67):		1100101
130 0 (68):		1001010
131 1 (69):		0010101
132 0 (70):		0101010
133 1 (71):		1010101
134 1 (71):		0101011
135 0 (72):		1010110
136 1 (73):		0101101
137 0 (74):		1011010
138 1 (75):		0110101
139 0 (76):		1101010
140 0 (76):		1010100
141 1 (77):		0101001
142 0 (78):		1010010
143 1 (79):		0100101
144 1 (79):		1001011
145 0 (80):		0010110
146 0 (80):		0101100
147 1 (81):		1011001
148 0 (82):		0110010
149 0 (82):		1100100
150 1 (83):		1001001
151 0 (84):		0010010
152 0 (84):		0100100
153 0 (84):		1001000
154 1 (85):		0010001
155 0 (86):		0100010
156 1 (87):		1000101
157 0 (88):		0001010
158 0 (88):		0010100
159 0 (88):		0101000
160 1 (89):		1010001
161 1 (89):		0100011
162 0 (90):		1000110
163 1 (91):		0001101
164 0 (92):		0011010
165 0 (92):		0110100
166 1 (93):		1101001
167 1 (93):		1010011
168 0 (94):		0100110
169 1 (95):		1001101
170 1 (95):		0011011
171 0 (96):		0110110
172 1 (97):		1101101
173 1 (97):		1011011
174 1 (97):		0110111
175 0 (98):		1101110
176 1 (99):		1011101
177 0 (100):		0111010
178 1 (101):		1110101
179 1 (101):		1101011
180 1 (101):		1010111
181 0 (102):		0101110
182 0 (102):		1011100
183 1 (103):		0111001
184 1 (103):		1110011
185 0 (104):		1100110
186 0 (104):		1001100
187 1 (105):		0011001
188 1 (105):		0110011
189 1 (105):		1100111
190 0 (106):		1001110
191 1 (107):		0011101
192 1 (107):		0111011
193 0 (108):		1110110
194 0 (108):		1101100
195 0 (108):		1011000
196 1 (109):		0110001
197 0 (110):		1100010
198 0 (110):		1000100
199 1 (111):		0001001
200 1 (111):		0010011
201 1 (111):		0100111
202 1 (111):		1001111
203 0 (112):		0011110
204 1 (113):		0111101
205 0 (114):		1111010
206 0 (114):		1110100
207 0 (114):		1101000
208 0 (114):		1010000
209 1 (115):		0100001
210 0 (116):		1000010
211 1 (117):		0000101
212 1 (117):		0001011
213 1 (117):		0010111
214 1 (117):		0101111
215 0 (118):		1011110
216 0 (118):		0111100
217 0 (118):		1111000
218 1 (119):		1110001
219 1 (119):		1100011
220 1 (119):		1000111
221 0 (120):		0001110
222 0 (120):		0011100
223 0 (120):		0111000
224 0 (120):		1110000
225 1 (121):		1100001
226 1 (121):		1000011
227 0 (122):		0000110
228 0 (122):		0001100
229 0 (122):		0011000
230 0 (122):		0110000
231 0 (122):		1100000
232 1 (123):		1000001
233 0 (124):		0000010
234 0 (124):		0000100
235 0 (124):		0001000
236 0 (124):		0010000
237 0 (124):		0100000
238 0 (124):		1000000
239 0 (124):		000000
240 1 (125):		0000001
241 1 (125):		0000011
242 1 (125):		0000111
243 1 (125):		0001111
244 1 (125):		0011111
245 0 (126):		0111110
246 1 (126):		1111101
247 1 (126):		1111011
248 1 (126):		1110111
249 1 (126):		1101111
250 1 (126):		1011111
251 1 (126):		0111111
252 1 (127):		1111111
253 0 (127):		1111110
254 0 (128):		11111100
255 1 (129):		11111001
256 0 (130):		11110010
257 1 (131):		11100101
258 0 (132):		11001010
259 1 (133):		10010101
260 0 (134):		00101010
261 1 (135):		01010101
262 0 (136):		10101010
263 0 (136):		01010100
264 1 (137):		10101001
265 0 (138):		01010010
266 1 (139):		10100101
267 0 (140):		01001010
268 0 (140):		10010100
269 1 (141):		00101001
270 1 (141):		01010011
271 0 (142):		10100110
272 1 (143):		01001101
273 0 (144):		10011010
274 1 (145):		00110101
275 0 (146):		01101010
276 1 (147):		11010101
277 1 (147):		10101011
278 0 (148):		01010110
279 1 (149):		10101101
280 0 (150):		01011010
281 1 (151):		10110101
282 1 (151):		01101011
283 0 (152):		11010110
284 0 (152):		10101100
285 1 (153):		01011001
286 0 (154):		10110010
287 1 (155):		01100101
288 1 (155):		11001011
289 0 (156):		10010110
290 1 (157):		00101101
291 1 (157):		01011011
292 0 (158):		10110110
293 1 (159):		01101101
294 0 (160):		11011010
295 0 (160):		10110100
296 1 (161):		01101001
297 0 (162):		11010010
298 0 (162):		10100100
299 1 (163):		01001001
300 0 (164):		10010010
301 1 (165):		00100101
302 1 (165):		01001011
303 1 (165):		10010111
304 0 (166):		00101110
305 1 (167):		01011101
306 0 (168):		10111010
307 1 (169):		01110101
308 0 (170):		11101010
309 0 (170):		11010100
310 0 (170):		10101000
311 1 (171):		01010001
312 0 (172):		10100010
313 1 (173):		01000101
314 0 (174):		10001010
315 1 (175):		00010101
316 1 (175):		00101011
317 1 (175):		01010111
318 0 (176):		10101110
319 0 (176):		01011100
320 1 (177):		10111001
321 0 (178):		01110010
322 0 (178):		11100100
323 1 (179):		11001001
324 1 (179):		10010011
325 0 (180):		00100110
326 0 (180):		01001100
327 1 (181):		10011001
328 0 (182):		00110010
329 0 (182):		01100100
330 0 (182):		11001000
331 1 (183):		10010001
332 0 (184):		00100010
333 0 (184):		01000100
334 1 (185):		10001001
335 0 (186):		00010010
336 0 (186):		00100100
337 0 (186):		01001000
338 0 (186):		10010000
339 1 (187):		00100001
340 0 (188):		01000010
341 1 (189):		10000101
342 0 (190):		00001010
343 0 (190):		00010100
344 0 (190):		00101000
345 0 (190):		01010000
346 1 (191):		10100001
347 1 (191):		01000011
348 0 (192):		10000110
349 1 (193):		00001101
350 0 (194):		00011010
351 0 (194):		00110100
352 0 (194):		01101000
353 1 (195):		11010001
354 1 (195):		10100011
355 0 (196):		01000110
356 1 (197):		10001101
357 1 (197):		00011011
358 0 (198):		00110110
359 0 (198):		01101100
360 1 (199):		11011001
361 1 (199):		10110011
362 0 (200):		01100110
363 1 (201):		11001101
364 1 (201):		10011011
365 1 (201):		00110111
366 0 (202):		01101110
367 1 (203):		11011101
368 1 (203):		10111011
369 0 (204):		01110110
370 1 (205):		11101101
371 1 (205):		11011011
372 1 (205):		10110111
373 1 (205):		01101111
374 0 (206):		11011110
375 1 (207):		10111101
376 0 (208):		01111010
377 1 (209):		11110101
378 1 (209):		11101011
379 1 (209):		11010111
380 1 (209):		10101111
381 0 (210):		01011110
382 0 (210):		10111100
383 1 (211):		01111001
384 1 (211):		11110011
385 0 (212):		11100110
386 0 (212):		11001100
387 0 (212):		10011000
388 1 (213):		00110001
389 0 (214):		01100010
390 1 (215):		11000101
391 1 (215):		10001011
392 0 (216):		00010110
393 0 (216):		00101100
394 0 (216):		01011000
395 1 (217):		10110001
396 1 (217):		01100011
397 0 (218):		11000110
398 0 (218):		10001100
399 1 (219):		00011001
400 1 (219):		00110011
401 1 (219):		01100111
402 0 (220):		11001110
403 1 (221):		10011101
404 0 (222):		00111010
405 0 (222):		01110100
406 1 (223):		11101001
407 1 (223):		11010011
408 1 (223):		10100111
409 0 (224):		01001110
410 0 (224):		10011100
411 1 (225):		00111001
412 1 (225):		01110011
413 1 (225):		11100111
414 1 (225):		11001111
415 0 (226):		10011110
416 1 (227):		00111101
417 1 (227):		01111011
418 0 (228):		11110110
419 0 (228):		11101100
420 0 (228):		11011000
421 0 (228):		10110000
422 1 (229):		01100001
423 0 (230):		11000010
424 0 (230):		10000100
425 1 (231):		00001001
426 1 (231):		00010011
427 1 (231):		00100111
428 1 (231):		01001111
429 1 (231):		10011111
430 0 (232):		00111110
431 1 (233):		01111101
432 0 (234):		11111010
433 0 (234):		11110100
434 0 (234):		11101000
435 0 (234):		11010000
436 0 (234):		10100000
437 1 (235):		01000001
438 0 (236):		10000010
439 1 (237):		00000101
440 1 (237):		00001011
441 1 (237):		00010111
442 1 (237):		00101111
443 1 (237):		01011111
444 0 (238):		10111110
445 0 (238):		01111100
446 0 (238):		11111000
447 1 (239):		11110001
448 0 (240):		11100010
449 0 (240):		11000100
450 0 (240):		10001000
451 1 (241):		00010001
452 1 (241):		00100011
453 1 (241):		01000111
454 0 (242):		10001110
455 1 (243):		00011101
456 1 (243):		00111011
457 1 (243):		01110111
458 0 (244):		11101110
459 0 (244):		11011100
460 0 (244):		10111000
461 1 (245):		01110001
462 1 (245):		11100011
463 1 (245):		11000111
464 1 (245):		10001111
465 0 (246):		00011110
466 0 (246):		00111100
467 0 (246):		01111000
468 0 (246):		11110000
469 1 (247):		11100001
470 1 (247):		11000011
471 1 (247):		10000111
472 0 (248):		00001110
473 0 (248):		00011100
474 0 (248):		00111000
475 0 (248):		01110000
476 0 (248):		11100000
477 1 (249):		11000001
478 1 (249):		10000011
479 0 (250):		00000110
480 0 (250):		00001100
481 0 (250):		00011000
482 0 (250):		00110000
483 0 (250):		01100000
484 0 (250):		11000000
485 1 (251):		10000001
486 0 (252):		00000010
487 0 (252):		00000100
488 0 (252):		00001000
489 0 (252):		00010000
490 0 (252):		00100000
491 0 (252):		01000000
492 0 (252):		10000000
493 0 (252):		0000000
494 1 (253):		00000001
495 1 (253):		00000011
496 1 (253):		00000111
497 1 (253):		00001111
498 1 (253):		00011111
499 1 (253):		00111111
500 0 (254):		01111110
501 1 (254):		11111101
502 1 (254):		11111011
503 1 (254):		11110111
504 1 (254):		11101111
505 1 (254):		11011111
506 1 (254):		10111111
507 1 (254):		01111111
508 1 (255):		11111111
509 0 (255):		11111110
510 0 (256):		111111100
511 1 (257):		111111001
512 0 (258):		111110010
513 1 (259):		111100101
514 0 (260):		111001010
515 1 (261):		110010101
516 0 (262):		100101010
517 1 (263):		001010101
518 0 (264):		010101010
519 1 (265):		101010101
520 1 (265):		010101011
521 0 (266):		101010110
522 1 (267):		010101101
523 0 (268):		101011010
524 1 (269):		010110101
525 0 (270):		101101010
526 1 (271):		011010101
527 0 (272):		110101010
528 0 (272):		101010100
529 1 (273):		010101001
530 0 (274):		101010010
531 1 (275):		010100101
532 0 (276):		101001010
533 1 (277):		010010101
534 1 (277):		100101011
535 0 (278):		001010110
536 0 (278):		010101100
537 1 (279):		101011001
538 0 (280):		010110010
539 1 (281):		101100101
540 0 (282):		011001010
541 0 (282):		110010100
542 1 (283):		100101001
543 0 (284):		001010010
544 0 (284):		010100100
545 1 (285):		101001001
546 0 (286):		010010010
547 1 (287):		100100101
548 0 (288):		001001010
549 0 (288):		010010100
550 0 (288):		100101000
551 1 (289):		001010001
552 0 (290):		010100010
553 1 (291):		101000101
554 0 (292):		010001010
555 1 (293):		100010101
556 0 (294):		000101010
557 0 (294):		001010100
558 0 (294):		010101000
559 1 (295):		101010001
560 1 (295):		010100011
561 0 (296):		101000110
562 1 (297):		010001101
563 0 (298):		100011010
564 1 (299):		000110101
565 0 (300):		001101010
566 0 (300):		011010100
567 1 (301):		110101001
568 1 (301):		101010011
569 0 (302):		010100110
570 1 (303):		101001101
571 0 (304):		010011010
572 1 (305):		100110101
573 1 (305):		001101011
574 0 (306):		011010110
575 1 (307):		110101101
576 1 (307):		101011011
577 0 (308):		010110110
578 1 (309):		101101101
579 0 (310):		011011010
580 1 (311):		110110101
581 1 (311):		101101011
582 1 (311):		011010111
583 0 (312):		110101110
584 1 (313):		101011101
585 0 (314):		010111010
586 1 (315):		101110101
587 0 (316):		011101010
588 1 (317):		111010101
589 1 (317):		110101011
590 1 (317):		101010111
591 0 (318):		010101110
592 0 (318):		101011100
593 1 (319):		010111001
594 0 (320):		101110010
595 1 (321):		011100101
596 1 (321):		111001011
597 0 (322):		110010110
598 1 (323):		100101101
599 0 (324):		001011010
600 0 (324):		010110100
601 1 (325):		101101001
602 0 (326):		011010010
603 1 (327):		110100101
604 1 (327):		101001011
605 0 (328):		010010110
606 0 (328):		100101100
607 1 (329):		001011001
608 1 (329):		010110011
609 0 (330):		101100110
610 1 (331):		011001101
611 0 (332):		110011010
612 0 (332):		100110100
613 1 (333):		001101001
614 1 (333):		011010011
615 0 (334):		110100110
616 0 (334):		101001100
617 1 (335):		010011001
618 0 (336):		100110010
619 1 (337):		001100101
620 1 (337):		011001011
621 1 (337):		110010111
622 0 (338):		100101110
623 1 (339):		001011101
624 1 (339):		010111011
625 0 (340):		101110110
626 1 (341):		011101101
627 0 (342):		111011010
628 0 (342):		110110100
629 0 (342):		101101000
630 1 (343):		011010001
631 0 (344):		110100010
632 0 (344):		101000100
633 1 (345):		010001001
634 0 (346):		100010010
635 1 (347):		000100101
636 1 (347):		001001011
637 1 (347):		010010111
638 1 (347):		100101111
639 0 (348):		001011110
640 1 (349):		010111101
641 0 (350):		101111010
642 1 (351):		011110101
643 0 (352):		111101010
644 0 (352):		111010100
645 0 (352):		110101000
646 0 (352):		101010000
647 1 (353):		010100001
648 0 (354):		101000010
649 1 (355):		010000101
650 0 (356):		100001010
651 1 (357):		000010101
652 1 (357):		000101011
653 1 (357):		001010111
654 1 (357):		010101111
655 0 (358):		101011110
656 0 (358):		010111100
657 1 (359):		101111001
658 0 (360):		011110010
659 0 (360):		111100100
660 1 (361):		111001001
661 0 (362):		110010010
662 0 (362):		100100100
663 1 (363):		001001001
664 1 (363):		010010011
665 0 (364):		100100110
666 1 (365):		001001101
667 1 (365):		010011011
668 0 (366):		100110110
669 1 (367):		001101101
670 1 (367):		011011011
671 0 (368):		110110110
672 0 (368):		101101100
673 1 (369):		011011001
674 0 (370):		110110010
675 0 (370):		101100100
676 1 (371):		011001001
677 1 (371):		110010011
678 1 (371):		100100111
679 0 (372):		001001110
680 1 (373):		010011101
681 0 (374):		100111010
682 1 (375):		001110101
683 1 (375):		011101011
684 0 (376):		111010110
685 0 (376):		110101100
686 0 (376):		101011000
687 1 (377):		010110001
688 0 (378):		101100010
689 1 (379):		011000101
690 0 (380):		110001010
691 0 (380):		100010100
692 1 (381):		000101001
693 1 (381):		001010011
694 1 (381):		010100111
695 0 (382):		101001110
696 0 (382):		010011100
697 1 (383):		100111001
698 0 (384):		001110010
699 0 (384):		011100100
700 0 (384):		111001000
701 1 (385):		110010001
702 0 (386):		100100010
703 1 (387):		001000101
704 1 (387):		010001011
705 0 (388):		100010110
706 1 (389):		000101101
707 1 (389):		001011011
708 1 (389):		010110111
709 0 (390):		101101110
710 1 (391):		011011101
711 0 (392):		110111010
712 0 (392):		101110100
713 1 (393):		011101001
714 0 (394):		111010010
715 0 (394):		110100100
716 0 (394):		101001000
717 1 (395):		010010001
718 1 (395):		100100011
719 0 (396):		001000110
720 0 (396):		010001100
721 1 (397):		100011001
722 0 (398):		000110010
723 0 (398):		001100100
724 0 (398):		011001000
725 0 (398):		110010000
726 1 (399):		100100001
727 0 (400):		001000010
728 0 (400):		010000100
729 1 (401):		100001001
730 0 (402):		000010010
731 0 (402):		000100100
732 0 (402):		001001000
733 0 (402):		010010000
734 0 (402):		100100000
735 1 (403):		001000001
736 0 (404):		010000010
737 1 (405):		100000101
738 0 (406):		000001010
739 0 (406):		000010100
740 0 (406):		000101000
741 0 (406):		001010000
742 0 (406):		010100000
743 1 (407):		101000001
744 1 (407):		010000011
745 0 (408):		100000110
746 1 (409):		000001101
747 0 (410):		000011010
748 0 (410):		000110100
749 0 (410):		001101000
750 0 (410):		011010000
751 1 (411):		110100001
752 1 (411):		101000011
753 0 (412):		010000110
754 1 (413):		100001101
755 1 (413):		000011011
756 0 (414):		000110110
757 0 (414):		001101100
758 0 (414):		011011000
759 1 (415):		110110001
760 1 (415):		101100011
761 0 (416):		011000110
762 1 (417):		110001101
763 1 (417):		100011011
764 1 (417):		000110111
765 0 (418):		001101110
766 0 (418):		011011100
767 1 (419):		110111001
768 1 (419):		101110011
769 0 (420):		011100110
770 1 (421):		111001101
771 1 (421):		110011011
772 1 (421):		100110111
773 1 (421):		001101111
774 0 (422):		011011110
775 1 (423):		110111101
776 1 (423):		101111011
777 0 (424):		011110110
778 1 (425):		111101101
779 1 (425):		111011011
780 1 (425):		110110111
781 1 (425):		101101111
782 1 (425):		011011111
783 0 (426):		110111110
784 1 (427):		101111101
785 0 (428):		011111010
786 1 (429):		111110101
787 1 (429):		111101011
788 1 (429):		111010111
789 1 (429):		110101111
790 1 (429):		101011111
791 0 (430):		010111110
792 0 (430):		101111100
793 1 (431):		011111001
794 1 (431):		111110011
795 0 (432):		111100110
796 0 (432):		111001100
797 1 (433):		110011001
798 1 (433):		100110011
799 0 (434):		001100110
800 0 (434):		011001100
801 0 (434):		110011000
802 1 (435):		100110001
803 0 (436):		001100010
804 0 (436):		011000100
805 1 (437):		110001001
806 1 (437):		100010011
807 0 (438):		000100110
808 0 (438):		001001100
809 0 (438):		010011000
810 0 (438):		100110000
811 1 (439):		001100001
812 0 (440):		011000010
813 1 (441):		110000101
814 1 (441):		100001011
815 0 (442):		000010110
816 0 (442):		000101100
817 0 (442):		001011000
818 0 (442):		010110000
819 1 (443):		101100001
820 1 (443):		011000011
821 0 (444):		110000110
822 0 (444):		100001100
823 1 (445):		000011001
824 1 (445):		000110011
825 1 (445):		001100111
826 0 (446):		011001110
827 1 (447):		110011101
828 1 (447):		100111011
829 0 (448):		001110110
830 0 (448):		011101100
831 1 (449):		111011001
832 1 (449):		110110011
833 1 (449):		101100111
834 1 (449):		011001111
835 0 (450):		110011110
836 1 (451):		100111101
837 0 (452):		001111010
838 0 (452):		011110100
839 1 (453):		111101001
840 1 (453):		111010011
841 1 (453):		110100111
842 1 (453):		101001111
843 0 (454):		010011110
844 0 (454):		100111100
845 1 (455):		001111001
846 1 (455):		011110011
847 1 (455):		111100111
848 0 (456):		111001110
849 0 (456):		110011100
850 0 (456):		100111000
851 1 (457):		001110001
852 0 (458):		011100010
853 1 (459):		111000101
854 1 (459):		110001011
855 1 (459):		100010111
856 0 (460):		000101110
857 0 (460):		001011100
858 0 (460):		010111000
859 1 (461):		101110001
860 1 (461):		011100011
861 0 (462):		111000110
862 0 (462):		110001100
863 0 (462):		100011000
864 1 (463):		000110001
865 1 (463):		001100011
866 1 (463):		011000111
867 0 (464):		110001110
868 1 (465):		100011101
869 0 (466):		000111010
870 0 (466):		001110100
871 0 (466):		011101000
872 1 (467):		111010001
873 1 (467):		110100011
874 1 (467):		101000111
875 0 (468):		010001110
876 0 (468):		100011100
877 1 (469):		000111001
878 1 (469):		001110011
879 1 (469):		011100111
880 1 (469):		111001111
881 1 (469):		110011111
882 0 (470):		100111110
883 1 (471):		001111101
884 1 (471):		011111011
885 0 (472):		111110110
886 0 (472):		111101100
887 0 (472):		111011000
888 0 (472):		110110000
889 0 (472):		101100000
890 1 (473):		011000001
891 0 (474):		110000010
892 0 (474):		100000100
893 1 (475):		000001001
894 1 (475):		000010011
895 1 (475):		000100111
896 1 (475):		001001111
897 1 (475):		010011111
898 1 (475):		100111111
899 0 (476):		001111110
900 1 (477):		011111101
901 0 (478):		111111010
902 0 (478):		111110100
903 0 (478):		111101000
904 0 (478):		111010000
905 0 (478):		110100000
906 0 (478):		101000000
907 1 (479):		010000001
908 0 (480):		100000010
909 1 (481):		000000101
910 1 (481):		000001011
911 1 (481):		000010111
912 1 (481):		000101111
913 1 (481):		001011111
914 1 (481):		010111111
915 0 (482):		101111110
916 0 (482):		011111100
917 0 (482):		111111000
918 1 (483):		111110001
919 0 (484):		111100010
920 0 (484):		111000100
921 0 (484):		110001000
922 1 (485):		100010001
923 0 (486):		000100010
924 0 (486):		001000100
925 0 (486):		010001000
926 0 (486):		100010000
927 1 (487):		000100001
928 1 (487):		001000011
929 1 (487):		010000111
930 0 (488):		100001110
931 1 (489):		000011101
932 1 (489):		000111011
933 1 (489):		001110111
934 0 (490):		011101110
935 1 (491):		111011101
936 1 (491):		110111011
937 1 (491):		101110111
938 1 (491):		011101111
939 0 (492):		111011110
940 0 (492):		110111100
941 0 (492):		101111000
942 1 (493):		011110001
943 1 (493):		111100011
944 1 (493):		111000111
945 1 (493):		110001111
946 0 (494):		100011110
947 1 (495):		000111101
948 1 (495):		001111011
949 1 (495):		011110111
950 0 (496):		111101110
951 0 (496):		111011100
952 0 (496):		110111000
953 0 (496):		101110000
954 1 (497):		011100001
955 0 (498):		111000010
956 0 (498):		110000100
957 0 (498):		100001000
958 1 (499):		000010001
959 1 (499):		000100011
960 1 (499):		001000111
961 1 (499):		010001111
962 1 (499):		100011111
963 0 (500):		000111110
964 0 (500):		001111100
965 0 (500):		011111000
966 0 (500):		111110000
967 1 (501):		111100001
968 1 (501):		111000011
969 1 (501):		110000111
970 1 (501):		100001111
971 0 (502):		000011110
972 0 (502):		000111100
973 0 (502):		001111000
974 0 (502):		011110000
975 0 (502):		111100000
976 1 (503):		111000001
977 1 (503):		110000011
978 1 (503):		100000111
979 0 (504):		000001110
980 0 (504):		000011100
981 0 (504):		000111000
982 0 (504):		001110000
983 0 (504):		011100000
984 0 (504):		111000000
985 1 (505):		110000001
986 1 (505):		100000011
987 0 (506):		000000110
988 0 (506):		000001100
989 0 (506):		000011000
990 0 (506):		000110000
991 0 (506):		001100000
992 0 (506):		011000000
993 0 (506):		110000000
994 1 (507):		100000001
995 0 (508):		000000010
996 0 (508):		000000100
997 0 (508):		000001000
998 0 (508):		000010000
999 0 (508):		000100000
