x[n]	n	filled node (<-- root) (* denotes tiebreaker)
------------------------------------------------------------
1*	1	1
0	2	0
1*	3	01
1*	4	11
0	5	10
0	6	00
0*	7	000
1	8	001
0*	9	010
1*	10	101
1	11	011
1*	12	111
0	13	110
0	14	100
1*	15	1001
1*	16	0011
1*	17	0111
1*	18	1111
0	19	1110
1*	20	1101
0*	21	1010
0*	22	0100
0	23	1000
1*	24	0001
0	25	0010
1	26	0101
1	27	1011
0	28	0110
0	29	1100
0*	30	11000
1*	31	10001
1*	32	00011
1*	33	00111
0*	34	01110
1*	35	11101
1*	36	11011
0*	37	10110
1*	38	01101
0	39	11010
1*	40	10101
1*	41	01011
1	42	10111
1	43	01111
1*	44	11111
0	45	11110
0	46	11100
1	47	11001
1*	48	10011
0	49	00110
0	50	01100
1*	51	011001
0*	52	110010
0	53	10010
1*	54	00101
0	55	01010
0	56	10100
0*	57	01000
0	58	10000
0	59	0000
0*	60	00000
1	61	00001
0	62	00010
0	63	00100
1	64	01001
0*	65	010010
1*	66	100101
0*	67	001010
1*	68	010101
1*	69	101011
1*	70	010111
1*	71	101111
0*	72	011110
0*	73	111100
1*	74	111001
1	75	110011
1*	76	100111
0*	77	001110
1*	78	011101
1*	79	111011
0*	80	110110
1*	81	101101
0*	82	011010
0*	83	110100
1*	84	101001
1	85	010011
0	86	100110
0*	87	001100
0	88	011000
0*	89	110000
1*	90	100001
1*	91	000011
1*	92	000111
1	93	001111
1	94	011111
0*	95	111110
1	96	111101
0	97	111010
1	98	110101
0	99	101010
0	100	010100
0	101	101000
0*	102	010000
0	103	100000
1*	104	000001
0	105	000010
1*	106	000101
1	107	001011
0	108	010110
0	109	101100
0*	110	1011000
1*	111	0110001
1	112	110001
0*	113	100010
0	114	000100
0*	115	001000
1	116	010001
1	117	100011
0	118	000110
1	119	001101
1	120	011011
1	121	110111
0	122	101110
0	123	011100
0	124	111000
1*	125	1110001
1*	126	1100011
1*	127	1000111
0*	128	0001110
1*	129	0011101
0*	130	0111010
0*	131	1110100
0*	132	1101000
1*	133	1010001
0*	134	0100010
0*	135	1000100
1*	136	0001001
1	137	001001
1*	138	0010011
0*	139	0100110
1*	140	1001101
0*	141	0011010
1*	142	0110101
0*	143	1101010
1*	144	1010101
0*	145	0101010
0	146	1010100
1*	147	0101001
1*	148	1010011
1	149	0100111
1*	150	1001111
1*	151	0011111
1*	152	0111111
1	153	111111
0*	154	1111110
1*	155	1111101
0*	156	1111010
1	157	1110101
1	158	1101011
0*	159	1010110
1*	160	0101101
1*	161	1011011
1*	162	0110111
0*	163	1101110
0*	164	1011100
1*	165	0111001
0*	166	1110010
1*	167	1100101
0*	168	1001010
1*	169	0010101
1	170	0101011
1	171	1010111
0*	172	0101110
1	173	1011101
1	174	0111011
1*	175	1110111
1	176	1101111
0*	177	1011110
0*	178	0111100
1*	179	1111001
1	180	1110011
0*	181	1100110
0	182	1001100
1*	183	0011001
0*	184	0110010
0	185	1100100
0	186	100100
1*	187	1001001
0	188	0010010
0*	189	0100100
0	190	1001000
1*	191	0010001
1	192	0100011
0	193	1000110
1*	194	0001101
1	195	0011011
0	196	0110110
1*	197	1101101
0	198	1011010
0	199	0110100
1	200	1101001
0	201	1010010
1	202	0100101
1	203	1001011
1*	204	0010111
1	205	0101111
1	206	1011111
0	207	0111110
0	208	1111100
0	209	1111000
0	210	1110000
1*	211	1100001
0*	212	1000010
1*	213	0000101
0*	214	0001010
0	215	0010100
0	216	0101000
0	217	1010000
0*	218	0100000
0*	219	1000000
0	220	000000
0*	221	0000000
1	222	0000001
1*	223	0000011
1*	224	0000111
1	225	0001111
0	226	0011110
1	227	0111101
1	228	1111011
0	229	1110110
0	230	1101100
1	231	1011001
1	232	0110011
1	233	1100111
0	234	1001110
0	235	0011100
0	236	0111000
0*	237	01110000
1*	238	11100001
1*	239	11000011
1	240	1000011
0	241	0000110
0	242	0001100
0	243	0011000
0	244	0110000
0	245	1100000
1	246	1000001
0	247	0000010
0	248	0000100
0	249	0001000
0	250	0010000
1	251	0100001
1*	252	01000011
0*	253	10000110
0*	254	00001100
1*	255	00011001
1*	256	00110011
1*	257	01100111
0*	258	11001110
1*	259	10011101
0*	260	00111010
1*	261	01110101
1*	262	11101011
1*	263	11010111
0*	264	10101110
1*	265	01011101
0*	266	10111010
0	267	01110100
1*	268	11101001
1*	269	11010011
0*	270	10100110
0*	271	01001100
0*	272	10011000
1*	273	00110001
1*	274	01100011
1*	275	11000111
0*	276	10001110
1*	277	00011101
1	278	00111011
0*	279	01110110
0*	280	11101100
1*	281	11011001
0*	282	10110010
1*	283	01100101
0*	284	11001010
0*	285	10010100
0*	286	00101000
1*	287	01010001
1*	288	10100011
1*	289	01000111
1	290	10001111
0*	291	00011110
1*	292	00111101
0*	293	01111010
1*	294	11110101
0	295	11101010
1*	296	11010101
1*	297	10101011
0*	298	01010110
1*	299	10101101
1*	300	01011011
0*	301	10110110
1*	302	01101101
1*	303	11011011
1	304	10110111
0*	305	01101110
1*	306	11011101
1	307	10111011
1	308	01110111
1*	309	11101111
0*	310	11011110
0*	311	10111100
1*	312	01111001
0*	313	11110010
0*	314	11100100
0*	315	11001000
1*	316	10010001
1*	317	00100011
0	318	01000110
1*	319	10001101
0*	320	00011010
1*	321	00110101
1*	322	01101011
0	323	11010110
0	324	10101100
0	325	0101100
0*	326	01011000
0*	327	10110000
0*	328	01100000
0*	329	11000000
1*	330	10000001
1*	331	00000011
1*	332	00000111
1*	333	00001111
1	334	00011111
0*	335	00111110
0*	336	01111100
0*	337	11111000
1*	338	11110001
1*	339	11100011
0	340	11000110
0	341	10001100
0	342	00011000
0	343	00110000
1	344	01100001
0	345	11000010
0*	346	10000100
0*	347	00001000
0*	348	00010000
0*	349	00100000
1*	350	01000001
1*	351	10000011
0	352	00000110
1	353	00001101
1	354	00011011
0*	355	00110110
0	356	01101100
0	357	11011000
1	358	10110001
0	359	01100010
0	360	1100010
1	361	1000101
1	362	0001011
0	363	0010110
0*	364	00101100
1	365	01011001
1	366	10110011
0	367	01100110
1*	368	11001101
1*	369	10011011
1	370	00110111
1	371	01101111
1	372	11011111
0*	373	10111110
1	374	01111101
1*	375	11111011
1*	376	11110111
0	377	11101110
0	378	11011100
1*	379	10111001
1*	380	01110011
0*	381	11100110
0	382	11001100
1	383	10011001
0	384	00110010
0	385	01100100
1	386	11001001
1*	387	10010011
0*	388	00100110
1	389	01001101
0	390	10011010
0	391	00110100
1*	392	01101001
0	393	11010010
0*	394	10100100
0*	395	01001000
0	396	10010000
1	397	00100001
0	398	01000010
1	399	10000101
0*	400	00001010
0*	401	00010100
1	402	00101001
1*	403	01010011
1	404	10100111
1*	405	01001111
0*	406	10011110
0	407	00111100
0	408	01111000
0	409	11110000
0	410	11100000
1	411	11000001
0	412	10000010
1*	413	00000101
1	414	00001011
0*	415	00010110
1	416	00101101
0	417	01011010
0*	418	10110100
0	419	01101000
0*	420	11010000
0*	421	10100000
0	422	01000000
0	423	10000000
0*	424	00000000
1	425	00000001
0	426	00000010
0	427	00000100
1	428	00001001
1*	429	00010011
1	430	00100111
0	431	01001110
0	432	10011100
1*	433	00111001
0	434	01110010
1	435	11100101
1	436	11001011
0*	437	10010110
1*	438	100101101
0*	439	001011010
1*	440	010110101
1	441	10110101
0	442	01101010
0	443	11010100
0*	444	10101000
0	445	01010000
1	446	10100001
0*	447	101000010
0*	448	010000100
1*	449	100001001
0*	450	000010010
0	451	00010010
0*	452	00100100
1	453	01001001
0	454	10010010
1	455	00100101
1*	456	01001011
1	457	10010111
1*	458	00101111
1*	459	01011111
1	460	10111111
1*	461	01111111
1	462	1111111
1*	463	11111111
0	464	11111110
1*	465	11111101
0	466	11111010
0	467	11110100
0	468	11101000
1	469	11010001
0	470	10100010
1*	471	01000101
0*	472	10001010
1	473	00010101
1*	474	00101011
1	475	01010111
1	476	10101111
0	477	01011110
1	478	10111101
1	479	01111011
0	480	11110110
1	481	11101101
0	482	11011010
1*	483	110110101
1*	484	101101011
0*	485	011010110
0*	486	110101100
0*	487	101011000
0*	488	010110000
1*	489	101100001
1*	490	011000011
0*	491	110000110
0*	492	100001100
1*	493	000011001
1*	494	000110011
1*	495	001100111
0*	496	011001110
1*	497	110011101
0*	498	100111010
0*	499	001110100
1*	500	011101001
1*	501	111010011
1*	502	110100111
1*	503	101001111
0*	504	010011110
0*	505	100111100
1*	506	001111001
1*	507	011110011
1	508	11110011
1	509	11100111
1	510	11001111
1	511	10011111
1	512	00111111
0	513	01111110
0	514	11111100
1	515	11111001
1*	516	111110011
1*	517	111100111
1*	518	111001111
1*	519	110011111
1*	520	100111111
1*	521	001111111
1*	522	011111111
1*	523	111111111
0	524	111111110
1*	525	111111101
1*	526	111111011
1*	527	111110111
1*	528	111101111
1*	529	111011111
1*	530	110111111
0*	531	101111110
1*	532	011111101
0	533	111111010
0*	534	111110100
1*	535	111101001
0	536	111010010
1*	537	110100101
1	538	10100101
0	539	01001010
1	540	10010101
0	541	00101010
1*	542	01010101
0	543	10101010
0	544	01010100
1	545	10101001
0	546	01010010
1*	547	010100101
1*	548	101001011
1*	549	010010111
1*	550	100101111
0*	551	001011110
0*	552	010111100
1*	553	101111001
0	554	011110010
1*	555	111100101
0*	556	111001010
1*	557	110010101
0*	558	100101010
0*	559	001010100
0*	560	010101000
0*	561	101010000
0*	562	010100000
0*	563	101000000
1*	564	010000001
1*	565	100000011
1*	566	000000111
1*	567	000001111
0*	568	000011110
0*	569	000111100
0	570	001111000
0*	571	011110000
0*	572	111100000
1*	573	111000001
1*	574	110000011
0*	575	100000110
0*	576	000001100
0	577	000011000
1*	578	000110001
1*	579	001100011
0*	580	011000110
0*	581	110001100
1*	582	100011001
0	583	000110010
1*	584	001100101
1*	585	011001011
1*	586	110010111
0	587	100101110
0	588	00101110
0	589	01011100
0	590	10111000
1	591	01110001
0	592	11100010
1*	593	11000101
1	594	10001011
1	595	00010111
0*	596	000101110
1*	597	001011101
1*	598	010111011
1*	599	101110111
0*	600	011101110
1*	601	111011101
1*	602	110111011
0	603	101110110
0*	604	011101100
1*	605	111011001
1*	606	110110011
1*	607	101100111
1	608	011001111
0	609	110011110
1	610	100111101
1*	611	001111011
1*	612	011110111
0	613	111101110
0	614	111011100
1*	615	110111001
0*	616	101110010
0*	617	011100100
0*	618	111001000
1*	619	110010001
1*	620	100100011
1*	621	001000111
1*	622	010001111
0*	623	100011110
1	624	000111101
0	625	001111010
0*	626	011110100
0	627	111101000
0*	628	111010000
0*	629	110100000
1	630	101000001
1*	631	010000011
1	632	100000111
0	633	000001110
0	634	00001110
0	635	00011100
0	636	00111000
0*	637	001110000
1*	638	011100001
1*	639	111000011
1	640	110000111
1	641	10000111
0*	642	100001110
1*	643	000011101
0*	644	000111010
1	645	001110101
1*	646	011101011
0*	647	111010110
1	648	110101101
1*	649	101011011
0*	650	010110110
1*	651	101101101
1*	652	011011011
1*	653	110110111
1*	654	101101111
0*	655	011011110
0*	656	110111100
0	657	101111000
1	658	011110001
1*	659	111100011
0*	660	111000110
1	661	110001101
0*	662	100011010
1*	663	000110101
0*	664	001101010
0*	665	011010100
0*	666	110101000
1	667	101010001
1*	668	010100011
1*	669	101000111
0	670	010001110
1*	671	100011101
1	672	000111011
0*	673	001110110
1	674	011101101
0*	675	111011010
0	676	110110100
0*	677	101101000
1*	678	011010001
1*	679	110100011
0	680	101000110
0*	681	010001100
0	682	100011000
0	683	000110000
1*	684	001100001
0	685	011000010
1*	686	110000101
0*	687	100001010
1*	688	000010101
0*	689	000101010
1	690	001010101
1*	691	010101011
0*	692	101010110
1*	693	010101101
0	694	101011010
0	695	010110100
1	696	101101001
1*	697	011010011
0	698	110100110
1*	699	101001101
1*	700	010011011
1*	701	100110111
0*	702	001101110
1*	703	011011101
0	704	110111010
1*	705	101110101
0	706	011101010
1*	707	111010101
0*	708	110101010
0*	709	101010100
1	710	010101001
0*	711	101010010
0	712	010100100
1*	713	101001001
0*	714	010010010
1*	715	100100101
1*	716	001001011
0	717	010010110
0	718	100101100
0*	719	001011000
1	720	010110001
1*	721	101100011
1	722	011000111
1*	723	110001111
1	724	100011111
1*	725	000111111
0	726	001111110
0	727	011111100
1*	728	111111001
0	729	111110010
0	730	111100100
1	731	111001001
1*	732	110010011
1*	733	100100111
0*	734	001001110
1*	735	010011101
1	736	100111011
1	737	001110111
1	738	011101111
0	739	111011110
1	740	110111101
1*	741	101111011
0	742	011110110
0*	743	111101100
0	744	111011000
1*	745	110110001
0	746	101100010
0*	747	011000100
0	748	11000100
0*	749	10001000
1	750	00010001
0	751	00100010
0	752	01000100
1	753	10001001
1*	754	100010011
0*	755	000100110
1*	756	001001101
0	757	010011010
1*	758	100110101
1	759	001101011
1	760	011010111
0*	761	110101110
1*	762	101011101
0	763	010111010
0	764	101110100
0	765	011101000
1	766	111010001
0	767	110100010
1*	768	101000101
0*	769	010001010
0*	770	100010100
0*	771	000101000
0*	772	001010000
1	773	010100001
1	774	101000011
0*	775	010000110
1	776	100001101
1*	777	000011011
1*	778	000110111
1	779	001101111
1	780	011011111
0	781	110111110
0*	782	101111100
1*	783	011111001
0*	784	0111110010
0*	785	1111100100
0*	786	1111001000
1*	787	1110010001
1*	788	1100100011
0*	789	1001000110
0	790	001000110
1	791	010001101
1	792	100011011
0	793	000110110
1*	794	001101101
0	795	011011010
0*	796	0110110100
1*	797	1101101001
1*	798	1011010011
1*	799	0110100111
1*	800	1101001111
0*	801	1010011110
1*	802	0100111101
1*	803	1001111011
0*	804	0011110110
0*	805	0111101100
0*	806	1111011000
1*	807	1110110001
0*	808	1101100010
1*	809	1011000101
1	810	011000101
0*	811	110001010
1	812	100010101
1	813	000101011
0*	814	001010110
0	815	010101100
1	816	101011001
0*	817	010110010
1*	818	101100101
0	819	011001010
0	820	110010100
1*	821	100101001
0*	822	001010010
1*	823	0010100101
0*	824	0101001010
0	825	101001010
0*	826	010010100
0	827	100101000
1	828	001010001
0	829	010100010
0	830	101000100
1*	831	010001001
0	832	100010010
1*	833	000100101
0	834	001001010
1	835	010010101
1	836	100101011
1	837	001010111
0*	838	010101110
0	839	101011100
1*	840	010111001
1	841	101110011
0*	842	011100110
0*	843	111001100
0*	844	110011000
0*	845	100110000
0	846	001100000
0*	847	011000000
1*	848	110000001
0	849	100000010
0*	850	000000100
0*	851	000001000
1*	852	000010001
1*	853	000100011
1*	854	0001000111
1*	855	0010001111
1*	856	0100011111
0*	857	1000111110
0	858	000111110
1*	859	001111101
0*	860	011111010
1	861	111110101
0*	862	111101010
0	863	111010100
1	864	110101001
1	865	101010011
1*	866	010100111
0	867	101001110
0	868	010011100
1*	869	100111001
1*	870	001110011
1	871	011100111
0	872	111001110
0	873	110011100
0	874	100111000
1	875	001110001
0*	876	011100010
1*	877	111000101
1	878	110001011
1*	879	100010111
1	880	000101111
1	881	001011111
1*	882	010111111
1	883	101111111
0	884	011111110
0	885	111111100
0	886	111111000
1*	887	111110001
0	888	111100010
0	889	111000100
0*	890	110001000
1*	891	100010001
0	892	000100010
0*	893	001000100
0	894	010001000
0	895	100010000
1*	896	000100001
1*	897	001000011
1	898	010000111
1	899	100001111
1	900	000011111
0*	901	0000111110
0*	902	0001111100
0	903	001111100
0	904	011111000
0	905	111110000
1	906	111100001
0	907	111000010
0	908	110000100
0	909	100001000
0	910	000010000
0	911	000100000
1*	912	001000001
0	913	010000010
1*	914	100000101
0*	915	000001010
0	916	000010100
1	917	000101001
1	918	001010011
0	919	010100110
0	920	101001100
1*	921	010011001
1*	922	100110011
0	923	001100110
1*	924	011001101
1*	925	110011011
0	926	100110110
0	927	001101100
1*	928	011011001
0	929	110110010
0	930	101100100
0*	931	011001000
0	932	110010000
1*	933	100100001
0	934	001000010
1	935	010000101
1	936	100001011
0*	937	000010110
0*	938	000101100
1	939	001011001
1	940	010110011
0	941	101100110
0	942	011001100
1	943	110011001
0	944	100110010
0	945	001100100
1	946	011001001
0	947	110010010
0	948	100100100
0*	949	001001000
0*	950	010010000
0	951	100100000
0	952	001000000
0	953	010000000
0*	954	100000000
1*	955	000000001
1*	956	000000011
0	957	000000110
1	958	000001101
0	959	000011010
0	960	000110100
0*	961	001101000
0	962	011010000
1	963	110100001
0*	964	1101000010
1*	965	1010000101
0*	966	0100001010
0*	967	1000010100
0*	968	0000101000
1*	969	0001010001
0*	970	0010100010
0*	971	0101000100
0*	972	1010001000
0*	973	0100010000
1*	974	1000100001
0*	975	0001000010
1*	976	0010000101
1	977	0100001011
1*	978	1000010111
1	979	000010111
0*	980	0000101110
1*	981	0001011101
1*	982	0010111011
0*	983	0101110110
1*	984	1011101101
0*	985	0111011010
1*	986	1110110101
1*	987	1101101011
1*	988	1011010111
0*	989	0110101110
1*	990	1101011101
1*	991	1010111011
1	992	0101110111
0*	993	1011101110
0*	994	0111011100
1*	995	1110111001
0*	996	1101110010
1*	997	1011100101
1	998	011100101
1	999	111001011
0	1000	110010110
0*	1001	1100101100
1*	1002	1001011001
1*	1003	0010110011
0*	1004	0101100110
1*	1005	1011001101
0*	1006	0110011010
0	1007	110011010
0	1008	100110100
1	1009	001101001
0	1010	011010010
0	1011	110100100
0	1012	101001000
1	1013	010010001
0	1014	100100010
1	1015	001000101
1	1016	010001011
0	1017	100010110
1	1018	000101101
1	1019	001011011
1	1020	010110111
0	1021	101101110
0	1022	011011100
0	1023	110111000
0*	1024	101110000
0	1025	011100000
0	1026	111000000
0	1027	110000000
1	1028	100000001
0	1029	000000010
1	1030	000000101
1	1031	000001011
0*	1032	0000010110
0*	1033	0000101100
0*	1034	0001011000
1*	1035	0010110001
1*	1036	0101100011
0*	1037	1011000110
1*	1038	0110001101
0*	1039	1100011010
1*	1040	1000110101
0*	1041	0001101010
0*	1042	0011010100
0*	1043	0110101000
1*	1044	1101010001
1*	1045	1010100011
1*	1046	0101000111
1*	1047	1010001111
0	1048	0100011110
0*	1049	1000111100
0*	1050	0001111000
1*	1051	0011110001
1*	1052	0111100011
0*	1053	1111000110
0*	1054	1110001100
0*	1055	1100011000
0*	1056	1000110000
1*	1057	0001100001
1*	1058	0011000011
0*	1059	0110000110
0*	1060	1100001100
0*	1061	1000011000
0*	1062	0000110000
0	1063	0001100000
1*	1064	0011000001
1	1065	011000001
0	1066	110000010
0	1067	100000100
1	1068	000001001
1	1069	000010011
1	1070	000100111
1	1071	001001111
1	1072	010011111
0	1073	100111110
1*	1074	1001111101
1*	1075	0011111011
1	1076	011111011
0	1077	111110110
1	1078	111101101
1	1079	111011011
0	1080	110110110
0	1081	101101100
0	1082	011011000
0	1083	110110000
0	1084	101100000
1*	1085	1011000001
0*	1086	0110000010
0*	1087	1100000100
0*	1088	1000001000
1*	1089	0000010001
0*	1090	0000100010
1*	1091	0001000101
0*	1092	0010001010
1*	1093	0100010101
0*	1094	1000101010
1*	1095	0001010101
0*	1096	0010101010
0	1097	010101010
1	1098	101010101
1*	1099	1010101011
1*	1100	0101010111
1	1101	101010111
1	1102	010101111
0*	1103	101011110
1	1104	010111101
0	1105	101111010
1	1106	011110101
1	1107	111101011
1	1108	111010111
1	1109	110101111
1	1110	101011111
0	1111	010111110
1	1112	101111101
0*	1113	1011111010
0*	1114	0111110100
1*	1115	1111101001
1*	1116	1111010011
0*	1117	1110100110
1*	1118	1101001101
0*	1119	1010011010
1*	1120	0100110101
0*	1121	1001101010
1	1122	0011010101
1	1123	011010101
1	1124	110101011
0*	1125	1101010110
1*	1126	1010101101
0*	1127	0101011010
1*	1128	1010110101
0*	1129	0101101010
0	1130	101101010
0*	1131	1011010100
1	1132	0110101001
1*	1133	1101010011
0*	1134	1010100110
1*	1135	0101001101
1	1136	1010011011
0*	1137	0100110110
1*	1138	1001101101
0*	1139	0011011010
1	1140	0110110101
0	1141	1101101010
1	1142	1011010101
1*	1143	0110101011
1	1144	1101010111
0*	1145	1010101110
1*	1146	0101011101
0	1147	1010111010
0*	1148	0101110100
1*	1149	1011101001
1*	1150	0111010011
1	1151	1110100111
0	1152	1101001110
1*	1153	1010011101
1*	1154	0100111011
1*	1155	1001110111
1*	1156	0011101111
0*	1157	0111011110
1*	1158	1110111101
1*	1159	1101111011
0*	1160	1011110110
1	1161	0111101101
0*	1162	1111011010
0	1163	1110110100
0	1164	1101101000
1*	1165	1011010001
0*	1166	0110100010
0*	1167	1101000100
1	1168	1010001001
0*	1169	0100010010
0*	1170	1000100100
0	1171	000100100
1	1172	001001001
1	1173	010010011
0	1174	100100110
0	1175	001001100
0	1176	010011000
1	1177	100110001
0	1178	001100010
1*	1179	0011000101
0*	1180	0110001010
0*	1181	1100010100
1*	1182	1000101001
1*	1183	0001010011
1*	1184	0010100111
0*	1185	0101001110
0	1186	1010011100
1*	1187	0100111001
0*	1188	1001110010
0	1189	001110010
0*	1190	0011100100
1*	1191	0111001001
1*	1192	1110010011
1*	1193	1100100111
0*	1194	1001001110
0*	1195	0010011100
0	1196	0100111000
0*	1197	1001110000
0*	1198	0011100000
0*	1199	0111000000
1*	1200	1110000001
1*	1201	1100000011
1*	1202	1000000111
1*	1203	0000001111
1*	1204	0000011111
1	1205	0000111111
1*	1206	0001111111
1*	1207	0011111111
0*	1208	0111111110
1*	1209	1111111101
0*	1210	1111111010
1*	1211	1111110101
1*	1212	1111101011
1*	1213	1111010111
1*	1214	1110101111
1*	1215	1101011111
0*	1216	1010111110
1*	1217	0101111101
1	1218	1011111011
1*	1219	0111110111
0*	1220	1111101110
1*	1221	1111011101
1*	1222	1110111011
1*	1223	1101110111
1	1224	1011101111
1	1225	0111011111
0*	1226	1110111110
1*	1227	1101111101
0*	1228	11011111010
1*	1229	10111110101
1	1230	0111110101
0	1231	1111101010
0*	1232	1111010100
1*	1233	1110101001
0	1234	1101010010
0*	1235	1010100100
0*	1236	0101001000
1*	1237	1010010001
1*	1238	0100100011
1	1239	1001000111
0	1240	0010001110
0*	1241	0100011100
0	1242	100011100
0*	1243	000111000
0*	1244	0001110000
1	1245	0011100001
1*	1246	0111000011
0*	1247	1110000110
1	1248	1100001101
1*	1249	1000011011
1*	1250	0000110111
1*	1251	0001101111
1*	1252	0011011111
0*	1253	0110111110
0	1254	1101111100
0*	1255	1011111000
0*	1256	0111110000
1*	1257	1111100001
1*	1258	1111000011
1	1259	1110000111
0*	1260	1100001110
1*	1261	1000011101
0*	1262	0000111010
1*	1263	0001110101
0*	1264	0011101010
1*	1265	0111010101
1*	1266	1110101011
1*	1267	11101010111
1*	1268	11010101111
1	1269	1010101111
0*	1270	0101011110
0*	1271	1010111100
0*	1272	0101111000
0*	1273	1011110000
0*	1274	0111100000
0*	1275	1111000000
0	1276	1110000000
1*	1277	1100000001
0*	1278	1000000010
1*	1279	0000000101
1*	1280	0000001011
1	1281	0000010111
1	1282	0000101111
0*	1283	0001011110
1*	1284	0010111101
0*	1285	0101111010
0*	1286	1011110100
1*	1287	0111101001
0	1288	1111010010
0*	1289	1110100100
1*	1290	1101001001
0*	1291	1010010010
0*	1292	0100100100
0*	1293	1001001000
0*	1294	0010010000
1*	1295	0100100001
0*	1296	1001000010
0	1297	0010000100
0*	1298	0100001000
1*	1299	1000010001
1	1300	0000100011
0	1301	0001000110
1*	1302	0010001101
0*	1303	0100011010
0	1304	1000110100
1*	1305	0001101001
0*	1306	0011010010
1*	1307	0110100101
0*	1308	1101001010
1*	1309	1010010101
0*	1310	0100101010
0*	1311	1001010100
0*	1312	0010101000
1*	1313	0101010001
0	1314	1010100010
1	1315	0101000101
1*	1316	1010001011
1*	1317	0100010111
0*	1318	1000101110
0	1319	0001011100
0	1320	001011100
0	1321	010111000
1	1322	101110001
1	1323	011100011
1	1324	111000111
0	1325	110001110
1*	1326	1100011101
1*	1327	1000111011
0*	1328	0001110110
0*	1329	0011101100
0*	1330	0111011000
0	1331	1110110000
0*	1332	1101100000
0	1333	1011000000
0*	1334	0110000000
0	1335	1100000000
1*	1336	1000000001
1*	1337	0000000011
0*	1338	0000000110
0*	1339	0000001100
1*	1340	0000011001
1*	1341	0000110011
0*	1342	0001100110
1*	1343	0011001101
1	1344	0110011011
1*	1345	1100110111
0*	1346	1001101110
0*	1347	0011011100
1*	1348	0110111001
1	1349	1101110011
0*	1350	1011100110
1*	1351	0111001101
1	1352	111001101
0*	1353	1110011010
0*	1354	1100110100
1*	1355	1001101001
1	1356	0011010011
0	1357	0110100110
0	1358	1101001100
0*	1359	1010011000
0*	1360	0100110000
1*	1361	1001100001
0	1362	0011000010
0*	1363	0110000100
1*	1364	1100001001
1*	1365	1000010011
0*	1366	0000100110
1*	1367	0001001101
0*	1368	0010011010
0	1369	0100110100
0	1370	1001101000
1*	1371	0011010001
1	1372	0110100011
0*	1373	1101000110
0*	1374	1010001100
0*	1375	0100011000
1	1376	1000110001
1*	1377	0001100011
0*	1378	0011000110
0	1379	0110001100
1	1380	1100011001
1*	1381	1000110011
1	1382	0001100111
1*	1383	0011001111
1*	1384	0110011111
0*	1385	1100111110
0	1386	1001111100
1*	1387	0011111001
1	1388	0111110011
0*	1389	1111100110
0	1390	111100110
0*	1391	1111001100
1*	1392	1110011001
0*	1393	1100110010
1*	1394	1001100101
0*	1395	0011001010
1*	1396	0110010101
0*	1397	1100101010
1	1398	1001010101
1	1399	0010101011
0	1400	0101010110
0	1401	1010101100
1*	1402	0101011001
0*	1403	1010110010
0*	1404	0101100100
0*	1405	1011001000
0*	1406	0110010000
1*	1407	1100100001
1	1408	1001000011
1*	1409	0010000111
0*	1410	0100001110
0	1411	1000011100
0	1412	000011100
1	1413	000111001
1*	1414	0001110011
1*	1415	0011100111
0*	1416	0111001110
0*	1417	1110011100
1*	1418	1100111001
1	1419	1001110011
0	1420	0011100110
0	1421	0111001100
0	1422	1110011000
0*	1423	1100110000
0	1424	1001100000
0	1425	0011000000
1	1426	0110000001
0	1427	1100000010
1*	1428	1000000101
0	1429	0000001010
1*	1430	0000010101
1*	1431	0000101011
1*	1432	0001010111
0*	1433	0010101110
0	1434	0101011100
1*	1435	1010111001
0*	1436	0101110010
0	1437	1011100100
0	1438	0111001000
0	1439	1110010000
0	1440	1100100000
1*	1441	1001000001
1*	1442	0010000011
1*	1443	0100000111
0*	1444	1000001110
1*	1445	0000011101
1	1446	0000111011
1	1447	0001110111
0	1448	0011101110
1	1449	0111011101
0	1450	1110111010
0*	1451	1101110100
0	1452	1011101000
1*	1453	0111010001
1*	1454	1110100011
1	1455	1101000111
0	1456	1010001110
1	1457	0100011101
0	1458	1000111010
0	1459	0001110100
1*	1460	0011101001
0	1461	0111010010
1	1462	1110100101
1	1463	1101001011
0*	1464	1010010110
0*	1465	0100101100
0	1466	1001011000
0	1467	0010110000
0*	1468	0101100000
1*	1469	01011000001
1*	1470	10110000011
1	1471	0110000011
0*	1472	1100000110
0*	1473	1000001100
0	1474	0000011000
1	1475	0000110001
0	1476	0001100010
0	1477	0011000100
0*	1478	0110001000
0*	1479	1100010000
0	1480	1000100000
0*	1481	0001000000
0*	1482	0010000000
0*	1483	0100000000
0	1484	1000000000
0	1485	000000000
1*	1486	0000000001
0	1487	0000000010
0	1488	0000000100
0*	1489	0000001000
0	1490	0000010000
0*	1491	0000100000
1	1492	0001000001
0	1493	0010000010
1*	1494	0100000101
1*	1495	1000001011
1*	1496	10000010111
1*	1497	00000101111
0*	1498	00001011110
0*	1499	00010111100
0	1500	0010111100
1	1501	0101111001
1*	1502	1011110011
0*	1503	0111100110
1	1504	1111001101
1	1505	1110011011
0	1506	1100110110
0	1507	1001101100
1*	1508	0011011001
1*	1509	0110110011
0*	1510	1101100110
0	1511	1011001100
1*	1512	0110011001
1	1513	1100110011
1*	1514	1001100111
0	1515	0011001110
1*	1516	0110011101
0*	1517	1100111010
0*	1518	1001110100
0	1519	0011101000
0	1520	0111010000
1*	1521	1110100001
1	1522	1101000011
0*	1523	1010000110
1*	1524	0100001101
0	1525	1000011010
1*	1526	0000110101
1	1527	0001101011
0*	1528	0011010110
1*	1529	0110101101
1*	1530	1101011011
1*	1531	1010110111
0*	1532	0101101110
0*	1533	1011011100
0	1534	0110111000
1*	1535	1101110001
0*	1536	1011100010
0*	1537	0111000100
1*	1538	1110001001
1	1539	110001001
1*	1540	1100010011
0*	1541	1000100110
0	1542	0001001100
1*	1543	0010011001
0*	1544	0100110010
0	1545	1001100100
0*	1546	0011001000
1	1547	0110010001
0	1548	1100100010
0*	1549	1001000100
1*	1550	0010001001
1	1551	0100010011
1	1552	1000100111
1*	1553	0001001111
0*	1554	0010011110
0	1555	0100111100
1*	1556	1001111001
1*	1557	0011110011
1	1558	0111100111
0*	1559	1111001110
1	1560	1110011101
1	1561	1100111011
0	1562	1001110110
1	1563	0011101101
1	1564	0111011011
1*	1565	1110110111
1*	1566	1101101111
0*	1567	1011011110
1*	1568	0110111101
0	1569	1101111010
1	1570	1011110101
1*	1571	0111101011
0	1572	1111010110
1*	1573	1110101101
0	1574	1101011010
0	1575	1010110100
1*	1576	0101101001
0	1577	1011010010
0	1578	0110100100
0	1579	1101001000
0	1580	1010010000
0	1581	0100100000
0	1582	1001000000
1	1583	0010000001
0*	1584	0100000010
0	1585	1000000100
1	1586	0000001001
0*	1587	0000010010
0*	1588	0000100100
0*	1589	0001001000
1	1590	0010010001
0	1591	0100100010
1	1592	1001000101
1	1593	0010001011
0	1594	0100010110
0*	1595	1000101100
1	1596	0001011001
0	1597	0010110010
1	1598	0101100101
0*	1599	1011001010
0	1600	0110010100
0*	1601	1100101000
1*	1602	1001010001
1	1603	0010100011
0	1604	0101000110
1	1605	1010001101
1	1606	0100011011
1*	1607	1000110111
0	1608	0001101110
1	1609	0011011101
0*	1610	0110111010
1	1611	1101110101
0*	1612	1011101010
0	1613	0111010100
0	1614	1110101000
0	1615	1101010000
0*	1616	1010100000
1*	1617	0101000001
1*	1618	1010000011
0	1619	0100000110
1	1620	1000001101
0*	1621	0000011010
0	1622	0000110100
0	1623	0001101000
0	1624	0011010000
1*	1625	0110100001
0*	1626	01101000010
1*	1627	11010000101
1*	1628	10100001011
0*	1629	01000010110
0	1630	1000010110
1	1631	0000101101
1*	1632	0001011011
1*	1633	0010110111
1	1634	0101101111
1	1635	1011011111
1	1636	0110111111
0*	1637	1101111110
1*	1638	1011111101
0*	1639	0111111010
0	1640	1111110100
0	1641	1111101000
1*	1642	1111010001
0	1643	1110100010
1	1644	1101000101
0	1645	1010001010
0	1646	0100010100
0	1647	1000101000
0	1648	0001010000
1*	1649	0010100001
1*	1650	0101000011
1	1651	1010000111
1	1652	0100001111
1*	1653	1000011111
1*	1654	10000111111
0*	1655	00001111110
0	1656	0001111110
1*	1657	0011111101
1	1658	0111111011
0*	1659	1111110110
0*	1660	1111101100
1	1661	1111011001
1*	1662	1110110011
1	1663	1101100111
1*	1664	1011001111
0	1665	0110011110
0*	1666	1100111100
0	1667	1001111000
0	1668	0011110000
1	1669	0111100001
0	1670	1111000010
1*	1671	1110000101
0*	1672	1100001010
1	1673	1000010101
0	1674	0000101010
0	1675	0001010100
1	1676	0010101001
0*	1677	0101010010
1	1678	1010100101
1	1679	0101001011
1	1680	1010010111
0*	1681	0100101110
1*	1682	1001011101
0	1683	0010111010
1	1684	0101110101
1	1685	1011101011
0*	1686	0111010110
0	1687	1110101100
0*	1688	1101011000
0*	1689	1010110000
1	1690	0101100001
1*	1691	1011000011
1	1692	0110000111
1	1693	1100001111
0	1694	1000011110
1*	1695	0000111101
1*	1696	0001111011
1	1697	0011110111
1*	1698	0111101111
0*	1699	1111011110
0	1700	1110111100
0*	1701	1101111000
1	1702	1011110001
0	1703	0111100010
0*	1704	1111000100
0	1705	1110001000
1	1706	1100010001
0*	1707	1000100010
0	1708	0001000100
0	1709	0010001000
1	1710	0100010001
1	1711	1000100011
0*	1712	10001000110
0*	1713	00010001100
0	1714	0010001100
1	1715	0100011001
0	1716	1000110010
1*	1717	0001100101
1	1718	0011001011
0*	1719	0110010110
1	1720	1100101101
0*	1721	1001011010
0*	1722	0010110100
0	1723	0101101000
0	1724	1011010000
0	1725	0110100000
0*	1726	1101000000
1*	1727	1010000001
1	1728	0100000011
0	1729	1000000110
1	1730	0000001101
1	1731	0000011011
0	1732	0000110110
0*	1733	0001101100
0	1734	0011011000
0*	1735	0110110000
1	1736	1101100001
0	1737	1011000010
1	1738	0110000101
1	1739	1100001011
0*	1740	11000010110
0*	1741	10000101100
1*	1742	00001011001
1*	1743	00010110011
1*	1744	00101100111
1	1745	0101100111
0	1746	1011001110
0	1747	0110011100
0	1748	1100111000
1	1749	1001110001
1*	1750	0011100011
0*	1751	0111000110
1	1752	1110001101
1	1753	1100011011
0	1754	1000110110
1	1755	0001101101
1	1756	0011011011
1*	1757	0110110111
0	1758	1101101110
1	1759	1011011101
1	1760	0110111011
0	1761	1101110110
0	1762	1011101100
1	1763	0111011001
0	1764	1110110010
1*	1765	1101100101
1	1766	1011001011
1	1767	0110010111
1*	1768	1100101111
1*	1769	1001011111
1*	1770	0010111111
0*	1771	0101111110
0	1772	1011111100
1*	1773	0111111001
1*	1774	1111110011
1	1775	1111100111
1	1776	1111001111
0*	1777	1110011110
1	1778	1100111101
0	1779	1001111010
0*	1780	0011110100
0	1781	0111101000
0	1782	1111010000
0	1783	1110100000
1	1784	1101000001
0	1785	1010000010
0	1786	0100000100
1	1787	1000001001
1	1788	0000010011
1	1789	0000100111
0	1790	0001001110
1	1791	0010011101
0	1792	0100111010
1	1793	1001110101
1	1794	0011101011
1	1795	0111010111
0	1796	1110101110
0	1797	1101011100
0	1798	1010111000
0*	1799	0101110000
0*	1800	1011100000
1	1801	0111000001
0*	1802	1110000010
1	1803	1100000101
0	1804	1000001010
0	1805	0000010100
1	1806	0000101001
0	1807	0001010010
0	1808	0010100100
1	1809	0101001001
1	1810	1010010011
0*	1811	0100100110
1*	1812	1001001101
1	1813	0010011011
1	1814	0100110111
1	1815	1001101111
0	1816	0011011110
0	1817	0110111100
1	1818	1101111001
0	1819	1011110010
1*	1820	0111100101
1*	1821	1111001011
1*	1822	1110010111
0	1823	1100101110
0	1824	1001011100
0*	1825	0010111000
1	1826	0101110001
1	1827	1011100011
1	1828	0111000111
0*	1829	1110001110
0	1830	1100011100
0*	1831	1000111000
1	1832	0001110001
0	1833	0011100010
1	1834	0111000101
0*	1835	1110001010
1	1836	1100010101
1	1837	1000101011
0	1838	0001010110
0*	1839	0010101100
0	1840	0101011000
1	1841	1010110001
0	1842	0101100010
0	1843	1011000100
1	1844	0110001001
0	1845	1100010010
1	1846	1000100101
0*	1847	0001001010
1*	1848	0010010101
1	1849	0100101011
1*	1850	1001010111
1	1851	0010101111
1	1852	0101011111
1	1853	1010111111
1	1854	0101111111
1*	1855	1011111111
1	1856	0111111111
0*	1857	1111111110
0	1858	1111111100
1*	1859	1111111001
0	1860	1111110010
1	1861	1111100101
0	1862	1111001010
1*	1863	1110010101
1	1864	1100101011
0	1865	1001010110
1	1866	0010101101
1	1867	0101011011
0	1868	1010110110
0*	1869	0101101100
0*	1870	1011011000
1	1871	0110110001
1	1872	1101100011
1	1873	1011000111
1*	1874	0110001111
1*	1875	1100011111
1	1876	1000111111
0*	1877	10001111110
0*	1878	00011111100
0	1879	0011111100
0	1880	0111111000
1*	1881	1111110001
1*	1882	1111100011
1	1883	1111000111
1	1884	1110001111
0	1885	1100011110
1	1886	1000111101
0	1887	0001111010
1	1888	0011110101
0	1889	0111101010
1	1890	1111010101
0	1891	1110101010
1*	1892	1101010101
0	1893	1010101010
1*	1894	0101010101
1*	1895	01010101011
0*	1896	10101010110
1*	1897	01010101101
1*	1898	10101011011
0*	1899	01010110110
0*	1900	10101101100
0*	1901	01011011000
1*	1902	10110110001
0*	1903	01101100010
0*	1904	11011000100
1*	1905	10110001001
0*	1906	01100010010
0*	1907	11000100100
1*	1908	10001001001
1	1909	0001001001
1*	1910	0010010011
1	1911	0100100111
1	1912	1001001111
1	1913	0010011111
1*	1914	0100111111
0*	1915	1001111110
0*	1916	10011111100
0*	1917	00111111000
0*	1918	01111110000
0	1919	1111110000
0	1920	1111100000
1	1921	1111000001
1	1922	1110000011
1	1923	1100000111
1	1924	1000001111
0	1925	0000011110
0	1926	0000111100
1	1927	0001111001
0	1928	0011110010
0	1929	0111100100
1	1930	1111001001
0	1931	1110010010
0*	1932	1100100100
1	1933	1001001001
0	1934	0010010010
1	1935	0100100101
1*	1936	1001001011
0*	1937	0010010110
1	1938	0100101101
1	1939	1001011011
0	1940	0010110110
1	1941	0101101101
0*	1942	1011011010
0*	1943	10110110100
1*	1944	01101101001
1*	1945	11011010011
1*	1946	10110100111
1*	1947	01101001111
0*	1948	11010011110
1*	1949	10100111101
1*	1950	01001111011
0*	1951	10011110110
1*	1952	00111101101
0*	1953	01111011010
0*	1954	11110110100
0*	1955	11101101000
1*	1956	11011010001
1*	1957	10110100011
0*	1958	01101000110
0*	1959	11010001100
0*	1960	10100011000
1*	1961	01000110001
0*	1962	10001100010
0*	1963	00011000100
1*	1964	00110001001
1	1965	01100010011
0*	1966	11000100110
1*	1967	10001001101
0*	1968	00010011010
0*	1969	00100110100
1*	1970	01001101001
1*	1971	10011010011
1*	1972	00110100111
0	1973	01101001110
0*	1974	11010011100
0*	1975	10100111000
1*	1976	01001110001
1*	1977	10011100011
0*	1978	00111000110
1*	1979	01110001101
1*	1980	11100011011
1*	1981	11000110111
0*	1982	10001101110
0*	1983	00011011100
1*	1984	00110111001
0*	1985	01101110010
0*	1986	11011100100
1*	1987	10111001001
1*	1988	01110010011
1*	1989	11100100111
0*	1990	11001001110
1*	1991	10010011101
0*	1992	00100111010
0*	1993	01001110100
0*	1994	10011101000
0*	1995	00111010000
0*	1996	01110100000
1*	1997	11101000001
0*	1998	11010000010
1*	1999	10100000101
1*	2000	01000001011
0	2001	10000010110
0*	2002	00000101100
0	2003	00001011000
0*	2004	00010110000
0*	2005	00101100000
0	2006	01011000000
1*	2007	10110000001
0*	2008	01100000010
0*	2009	11000000100
1*	2010	10000001001
1*	2011	00000010011
1*	2012	00000100111
0*	2013	00001001110
1*	2014	00010011101
1	2015	00100111011
0*	2016	01001110110
0*	2017	10011101100
1*	2018	00111011001
0*	2019	01110110010
1*	2020	11101100101
1*	2021	11011001011
0*	2022	10110010110
0*	2023	01100101100
1*	2024	11001011001
1*	2025	10010110011
0	2026	00101100110
0*	2027	01011001100
0*	2028	10110011000
0	2029	0110011000
1	2030	1100110001
1*	2031	1001100011
1	2032	0011000111
0	2033	0110001110
0*	2034	01100011100
1*	2035	11000111001
1	2036	1000111001
0	2037	0001110010
1	2038	0011100101
0*	2039	0111001010
0	2040	1110010100
1	2041	1100101001
1*	2042	1001010011
0	2043	0010100110
0	2044	0101001100
1	2045	1010011001
1	2046	0100110011
0	2047	1001100110
0	2048	0011001100
0*	2049	00110011000
0*	2050	01100110000
1*	2051	11001100001
1*	2052	10011000011
0*	2053	00110000110
1*	2054	01100001101
1*	2055	11000011011
1*	2056	10000110111
0*	2057	00001101110
1	2058	00011011101
1*	2059	00110111011
1*	2060	01101110111
0*	2061	11011101110
0*	2062	10111011100
0*	2063	01110111000
0	2064	1110111000
0	2065	1101110000
1	2066	1011100001
0	2067	0111000010
0	2068	1110000100
0	2069	1100001000
0	2070	1000010000
1	2071	0000100001
1	2072	0001000011
0	2073	0010000110
0	2074	0100001100
1	2075	1000011001
0	2076	0000110010
0	2077	0001100100
1	2078	0011001001
0*	2079	0110010010
1	2080	1100100101
0	2081	1001001010
0	2082	0010010100
1*	2083	0100101001
0	2084	1001010010
1*	2085	10010100101
1*	2086	00101001011
0*	2087	01010010110
1*	2088	10100101101
0*	2089	01001011010
1*	2090	10010110101
1	2091	0010110101
1	2092	0101101011
0	2093	1011010110
0	2094	0110101100
1	2095	1101011001
1	2096	1010110011
1*	2097	10101100111
1*	2098	01011001111
0*	2099	10110011110
0*	2100	01100111100
0*	2101	11001111000
0*	2102	10011110000
0*	2103	00111100000
0*	2104	01111000000
1*	2105	11110000001
1*	2106	11100000011
1*	2107	11000000111
1*	2108	10000001111
0*	2109	00000011110
0*	2110	00000111100
1*	2111	00001111001
1*	2112	00011110011
0*	2113	00111100110
1*	2114	01111001101
0*	2115	11110011010
1*	2116	11100110101
1	2117	1100110101
1	2118	1001101011
1	2119	0011010111
1	2120	0110101111
0	2121	1101011110
1	2122	1010111101
1	2123	0101111011
1	2124	1011110111
0	2125	0111101110
0	2126	1111011100
0*	2127	11110111000
0*	2128	11101110000
1*	2129	11011100001
1*	2130	10111000011
1*	2131	01110000111
0*	2132	11100001110
1*	2133	11000011101
0*	2134	10000111010
0*	2135	00001110100
0*	2136	00011101000
1	2137	00111010001
0*	2138	01110100010
1*	2139	11101000101
0*	2140	11010001010
1*	2141	10100010101
1*	2142	01000101011
1*	2143	10001010111
1*	2144	00010101111
0*	2145	00101011110
1*	2146	01010111101
1*	2147	10101111011
0*	2148	01011110110
1*	2149	10111101101
1	2150	01111011011
1	2151	1111011011
0	2152	1110110110
0*	2153	1101101100
1	2154	1011011001
0	2155	0110110010
0	2156	1101100100
1	2157	1011001001
1	2158	0110010011
0	2159	1100100110
0	2160	1001001100
0	2161	0010011000
1	2162	0100110001
0	2163	1001100010
0*	2164	10011000100
0	2165	00110001000
0*	2166	01100010000
1*	2167	11000100001
0*	2168	10001000010
1*	2169	00010000101
1*	2170	00100001011
1	2171	01000010111
0*	2172	10000101110
0*	2173	00001011100
1*	2174	00010111001
1	2175	0010111001
1	2176	0101110011
1	2177	1011100111
1	2178	0111001111
1	2179	1110011111
1	2180	1100111111
1	2181	1001111111
0	2182	0011111110
1*	2183	0111111101
1	2184	1111111011
1	2185	1111110111
1	2186	1111101111
1	2187	1111011111
1	2188	1110111111
1	2189	1101111111
0	2190	1011111110
0	2191	0111111100
0	2192	1111111000
0*	2193	11111110000
1*	2194	11111100001
1*	2195	11111000011
0*	2196	11110000110
0*	2197	11100001100
1*	2198	11000011001
1*	2199	10000110011
1*	2200	00001100111
0*	2201	00011001110
1*	2202	00110011101
1*	2203	01100111011
0*	2204	11001110110
1	2205	10011101101
1*	2206	00111011011
1*	2207	01110110111
1*	2208	11101101111
0*	2209	11011011110
0*	2210	10110111100
1*	2211	01101111001
1*	2212	11011110011
1*	2213	10111100111
1*	2214	01111001111
0*	2215	11110011110
1*	2216	11100111101
1*	2217	11001111011
1	2218	10011110111
0*	2219	00111101110
0*	2220	01111011100
1	2221	11110111001
1*	2222	11101110011
1*	2223	11011100111
0*	2224	10111001110
1*	2225	01110011101
1*	2226	11100111011
1	2227	11001110111
1*	2228	10011101111
0*	2229	00111011110
0*	2230	01110111100
1*	2231	11101111001
0	2232	11011110010
1*	2233	10111100101
0*	2234	01111001010
0*	2235	11110010100
0*	2236	11100101000
0*	2237	11001010000
0	2238	1001010000
0	2239	0010100000
0	2240	0101000000
0	2241	1010000000
1	2242	0100000001
1	2243	1000000011
1	2244	0000000111
0	2245	0000001110
0	2246	0000011100
0*	2247	0000111000
1*	2248	00001110001
0*	2249	00011100010
1*	2250	00111000101
1*	2251	01110001011
1	2252	1110001011
0*	2253	1100010110
1	2254	1000101101
0	2255	0001011010
1*	2256	00010110101
1*	2257	00101101011
1*	2258	01011010111
1*	2259	10110101111
0*	2260	01101011110
1*	2261	11010111101
0	2262	10101111010
1*	2263	01011110101
0*	2264	10111101010
1*	2265	01111010101
1*	2266	11110101011
0	2267	11101010110
1*	2268	11010101101
0	2269	10101011010
1*	2270	01010110101
0*	2271	10101101010
1*	2272	01011010101
0*	2273	10110101010
0	2274	0110101010
0	2275	1101010100
0*	2276	1010101000
0	2277	0101010000
1	2278	1010100001
0	2279	0101000010
0	2280	1010000100
1	2281	0100001001
0	2282	1000010010
1	2283	0000100101
1	2284	0001001011
1	2285	0010010111
1	2286	0100101111
0	2287	1001011110
1*	2288	10010111101
1*	2289	00101111011
1	2290	01011110111
1*	2291	10111101111
0*	2292	01111011110
1*	2293	11110111101
0*	2294	11101111010
0*	2295	11011110100
1*	2296	10111101001
0*	2297	01111010010
0*	2298	11110100100
1*	2299	11101001001
1*	2300	11010010011
1*	2301	10100100111
1*	2302	01001001111
0*	2303	10010011110
1*	2304	00100111101
0	2305	01001111010
0*	2306	10011110100
0*	2307	00111101000
1*	2308	01111010001
1*	2309	11110100011
1*	2310	11101000111
0*	2311	11010001110
0*	2312	10100011100
1*	2313	01000111001
0*	2314	10001110010
0*	2315	00011100100
1*	2316	00111001001
0	2317	01110010010
1*	2318	11100100101
0*	2319	11001001010
1*	2320	10010010101
0*	2321	00100101010
1*	2322	01001010101
1*	2323	10010101011
0*	2324	00101010110
0	2325	01010101100
0*	2326	10101011000
0*	2327	01010110000
1*	2328	10101100001
1*	2329	01011000011
1*	2330	10110000111
1*	2331	01100001111
0*	2332	11000011110
1*	2333	10000111101
1*	2334	00001111011
1*	2335	00011110111
1	2336	00111101111
1	2337	01111011111
0*	2338	11110111110
0*	2339	11101111100
1*	2340	11011111001
1	2341	1011111001
1*	2342	10111110011
0*	2343	01111100110
0*	2344	11111001100
0*	2345	11110011000
0*	2346	11100110000
0	2347	11001100000
1*	2348	10011000001
0*	2349	00110000010
0*	2350	01100000100
0*	2351	11000001000
0*	2352	10000010000
0*	2353	00000100000
0*	2354	00001000000
1*	2355	00010000001
1*	2356	00100000011
1*	2357	01000000111
0	2358	10000001110
0*	2359	00000011100
0*	2360	00000111000
0	2361	00001110000
1*	2362	00011100001
1*	2363	00111000011
0	2364	01110000110
1	2365	11100001101
0	2366	11000011010
1*	2367	10000110101
0*	2368	00001101010
0*	2369	00011010100
0*	2370	00110101000
0*	2371	01101010000
0*	2372	11010100000
1*	2373	10101000001
0*	2374	01010000010
0	2375	10100000100
0*	2376	01000001000
1	2377	10000010001
1*	2378	00000100011
1*	2379	00001000111
0*	2380	00010001110
0*	2381	00100011100
0	2382	01000111000
1*	2383	10001110001
1	2384	00011100011
1	2385	00111000111
0*	2386	01110001110
0*	2387	11100011100
0	2388	11000111000
0	2389	10001110000
0	2390	00011100000
1*	2391	00111000001
1*	2392	01110000011
1*	2393	11100000111
0*	2394	11000001110
1*	2395	10000011101
0*	2396	00000111010
1	2397	00001110101
0*	2398	00011101010
1*	2399	00111010101
0*	2400	01110101010
0*	2401	11101010100
1*	2402	11010101001
1	2403	1010101001
1	2404	0101010011
1	2405	1010100111
1	2406	0101001111
1	2407	1010011111
0	2408	0100111110
1*	2409	01001111101
0*	2410	10011111010
0	2411	0011111010
1*	2412	00111110101
0*	2413	01111101010
1*	2414	11111010101
0	2415	11110101010
1	2416	11101010101
0*	2417	11010101010
0*	2418	10101010100
0	2419	0101010100
1*	2420	01010101001
0*	2421	10101010010
0*	2422	01010100100
0*	2423	10101001000
1*	2424	01010010001
1*	2425	10100100011
1*	2426	01001000111
0*	2427	10010001110
1	2428	00100011101
0*	2429	01000111010
1*	2430	10001110101
1	2431	00011101011
1*	2432	00111010111
0*	2433	01110101110
1*	2434	11101011101
1*	2435	11010111011
1*	2436	10101110111
1*	2437	01011101111
0*	2438	10111011110
1	2439	01110111101
1	2440	11101111011
1*	2441	11011110111
0	2442	10111101110
1	2443	01111011101
1*	2444	11110111011
1*	2445	11101110111
1	2446	11011101111
1	2447	10111011111
0*	2448	01110111110
1	2449	11101111101
1	2450	11011111011
1*	2451	10111110111
1*	2452	01111101111
1*	2453	11111011111
1	2454	11110111111
0*	2455	11101111110
0*	2456	11011111100
0*	2457	10111111000
1	2458	01111110001
1*	2459	11111100011
0*	2460	11111000110
1*	2461	11110001101
0	2462	11100011010
0*	2463	11000110100
0*	2464	10001101000
0*	2465	00011010000
1*	2466	00110100001
1	2467	01101000011
0*	2468	11010000110
0*	2469	10100001100
1*	2470	01000011001
0	2471	10000110010
1*	2472	00001100101
1*	2473	00011001011
1*	2474	00110010111
1*	2475	01100101111
0*	2476	11001011110
0	2477	10010111100
1*	2478	00101111001
1*	2479	01011110011
0	2480	10111100110
0	2481	01111001100
1	2482	11110011001
0*	2483	11100110010
1*	2484	11001100101
1*	2485	10011001011
0	2486	00110010110
1	2487	01100101101
0*	2488	11001011010
0	2489	10010110100
1*	2490	00101101001
0*	2491	01011010010
0*	2492	10110100100
0*	2493	01101001000
1*	2494	11010010001
0	2495	10100100010
1*	2496	01001000101
0*	2497	10010001010
1*	2498	00100010101
0	2499	01000101010
1*	2500	10001010101
1*	2501	00010101011
1	2502	00101010111
1*	2503	01010101111
0*	2504	10101011110
0	2505	01010111100
0*	2506	10101111000
1*	2507	01011110001
0*	2508	10111100010
0*	2509	01111000100
0*	2510	11110001000
1*	2511	11100010001
0*	2512	11000100010
1*	2513	10001000101
0*	2514	00010001010
0	2515	00100010100
1*	2516	01000101001
1*	2517	10001010011
0*	2518	00010100110
1*	2519	00101001101
1*	2520	01010011011
1*	2521	10100110111
0*	2522	01001101110
1*	2523	10011011101
0	2524	00110111010
1*	2525	01101110101
1*	2526	11011101011
0*	2527	10111010110
0*	2528	01110101100
1*	2529	11101011001
0*	2530	11010110010
0*	2531	10101100100
0*	2532	01011001000
1*	2533	10110010001
1*	2534	01100100011
1*	2535	11001000111
1	2536	10010001111
0*	2537	00100011110
0*	2538	01000111100
1*	2539	10001111001
0	2540	00011110010
0*	2541	00111100100
1*	2542	01111001001
1*	2543	11110010011
0	2544	11100100110
1*	2545	11001001101
1*	2546	10010011011
0*	2547	00100110110
0*	2548	01001101100
1*	2549	10011011001
0*	2550	00110110010
0*	2551	01101100100
1*	2552	11011001001
1*	2553	10110010011
0*	2554	01100100110
0	2555	11001001100
1*	2556	10010011001
1*	2557	00100110011
0*	2558	01001100110
0*	2559	10011001100
1	2560	00110011001
0*	2561	01100110010
0	2562	11001100100
0*	2563	10011001000
0*	2564	00110010000
0*	2565	01100100000
1*	2566	11001000001
1*	2567	10010000011
0*	2568	00100000110
1*	2569	01000001101
0*	2570	10000011010
1*	2571	00000110101
1	2572	00001101011
1*	2573	00011010111
1*	2574	00110101111
1	2575	01101011111
0*	2576	11010111110
0*	2577	10101111100
0	2578	0101111100
1*	2579	01011111001
0	2580	10111110010
0*	2581	01111100100
1*	2582	11111001001
0	2583	11110010010
0	2584	11100100100
0*	2585	11001001000
0*	2586	10010010000
1*	2587	00100100001
0*	2588	01001000010
0*	2589	10010000100
1*	2590	00100001001
1*	2591	01000010011
1*	2592	10000100111
1	2593	00001001111
0*	2594	00010011110
0	2595	00100111100
0*	2596	01001111000
1	2597	10011110001
0*	2598	00111100010
1	2599	01111000101
1	2600	1111000101
1*	2601	11110001011
0*	2602	11100010110
0*	2603	11000101100
0*	2604	10001011000
1	2605	00010110001
1*	2606	00101100011
1*	2607	01011000111
1*	2608	10110001111
1*	2609	01100011111
0*	2610	11000111110
1*	2611	10001111101
1	2612	0001111101
0*	2613	00011111010
0	2614	00111110100
1*	2615	01111101001
0*	2616	11111010010
1	2617	11110100101
1*	2618	11101001011
0*	2619	11010010110
0	2620	10100101100
0*	2621	01001011000
0*	2622	10010110000
1	2623	00101100001
0	2624	01011000010
1*	2625	10110000101
1*	2626	01100001011
1	2627	11000010111
1	2628	10000101111
1	2629	00001011111
1	2630	0001011111
0	2631	0010111110
1*	2632	00101111101
1*	2633	01011111011
0	2634	10111110110
0	2635	0111110110
1	2636	1111101101
0*	2637	11111011010
1	2638	11110110101
0*	2639	11101101010
0*	2640	11011010100
0*	2641	10110101000
1	2642	01101010001
0*	2643	11010100010
0*	2644	10101000100
0*	2645	01010001000
0*	2646	10100010000
1*	2647	01000100001
1	2648	10001000011
1*	2649	00010000111
0*	2650	00100001110
0*	2651	01000011100
0*	2652	10000111000
1*	2653	100001110001
0*	2654	000011100010
1*	2655	000111000101
0*	2656	001110001010
0	2657	01110001010
0*	2658	11100010100
1*	2659	11000101001
0	2660	10001010010
0*	2661	00010100100
0*	2662	00101001000
0	2663	01010010000
0*	2664	10100100000
1*	2665	01001000001
0	2666	10010000010
1*	2667	00100000101
0	2668	01000001010
0*	2669	10000010100
0*	2670	00000101000
0*	2671	00001010000
0*	2672	00010100000
1*	2673	00101000001
1	2674	01010000011
1*	2675	10100000111
0*	2676	01000001110
0	2677	10000011100
1	2678	00000111001
1	2679	0000111001
0*	2680	00001110010
1	2681	00011100101
1*	2682	00111001011
1	2683	0111001011
0	2684	1110010110
1*	2685	11100101101
1	2686	11001011011
0*	2687	10010110110
1*	2688	00101101101
0*	2689	01011011010
1	2690	10110110101
1*	2691	01101101011
1*	2692	11011010111
0	2693	10110101110
0*	2694	01101011100
0*	2695	11010111000
0*	2696	10101110000
1*	2697	01011100001
0	2698	10111000010
0*	2699	01110000100
0*	2700	11100001000
0*	2701	11000010000
1*	2702	10000100001
0*	2703	00001000010
0	2704	00010000100
0	2705	00100001000
1*	2706	01000010001
0*	2707	10000100010
0*	2708	00001000100
0*	2709	00010001000
0*	2710	00100010000
0	2711	01000100000
0*	2712	10001000000
0	2713	00010000000
1*	2714	00100000001
0*	2715	01000000010
1*	2716	10000000101
0*	2717	00000001010
0*	2718	00000010100
1	2719	00000101001
0*	2720	00001010010
1	2721	00010100101
0	2722	00101001010
0*	2723	01010010100
0	2724	1010010100
0	2725	0100101000
0*	2726	01001010000
1*	2727	10010100001
0*	2728	00101000010
0*	2729	01010000100
0*	2730	10100001000
0	2731	01000010000
0	2732	10000100000
1	2733	00001000001
0*	2734	00010000010
0	2735	00100000100
1	2736	01000001001
0*	2737	10000010010
0*	2738	00000100100
0*	2739	00001001000
1*	2740	00010010001
0*	2741	00100100010
0	2742	01001000100
1*	2743	10010001001
0*	2744	00100010010
1*	2745	01000100101
0*	2746	10001001010
1*	2747	00010010101
1	2748	00100101011
0*	2749	01001010110
1*	2750	10010101101
0*	2751	00101011010
0	2752	01010110100
0*	2753	10101101000
1*	2754	01011010001
0	2755	10110100010
0*	2756	01101000100
1*	2757	11010001001
0*	2758	10100010010
0	2759	01000100100
0	2760	10001001000
0	2761	00010010000
0	2762	00100100000
0	2763	01001000000
0*	2764	10010000000
0	2765	00100000000
1*	2766	01000000001
1*	2767	10000000011
0*	2768	00000000110
1*	2769	00000001101
1*	2770	00000011011
1*	2771	00000110111
1	2772	00001101111
1*	2773	00011011111
0*	2774	00110111110
0*	2775	01101111100
0	2776	11011111000
0*	2777	10111110000
0*	2778	01111100000
0*	2779	11111000000
0	2780	11110000000
1*	2781	11100000001
1*	2782	11000000011
1*	2783	10000000111
1*	2784	00000001111
1	2785	00000011111
0*	2786	00000111110
0*	2787	00001111100
0*	2788	00011111000
0	2789	0011111000
1	2790	0111110001
0	2791	1111100010
1*	2792	11111000101
0	2793	11110001010
1	2794	11100010101
0*	2795	11000101010
0	2796	10001010100
0*	2797	00010101000
1*	2798	00101010001
1*	2799	01010100011
0*	2800	10101000110
1*	2801	01010001101
1*	2802	10100011011
0*	2803	01000110110
1*	2804	10001101101
1*	2805	00011011011
0*	2806	00110110110
0	2807	0110110110
1	2808	1101101101
1	2809	1011011011
0*	2810	10110110110
0*	2811	01101101100
0*	2812	11011011000
0	2813	10110110000
1*	2814	01101100001
0*	2815	11011000010
0	2816	10110000100
0*	2817	01100001000
1	2818	11000010001
1	2819	10000100011
0	2820	00001000110
1	2821	00010001101
1*	2822	00100011011
1	2823	01000110111
1	2824	10001101111
0	2825	00011011110
1*	2826	00110111101
0*	2827	01101111010
1	2828	11011110101
1	2829	10111101011
0*	2830	01111010110
1*	2831	11110101101
1*	2832	11101011011
1*	2833	11010110111
0*	2834	10101101110
0*	2835	01011011100
0*	2836	10110111000
1*	2837	01101110001
0*	2838	11011100010
1*	2839	10111000101
0*	2840	101110001010
1*	2841	011100010101
0*	2842	111000101010
0*	2843	110001010100
1*	2844	100010101001
1	2845	00010101001
0*	2846	00101010010
1	2847	01010100101
0*	2848	10101001010
1	2849	01010010101
1*	2850	10100101011
1	2851	01001010111
1*	2852	10010101111
1	2853	00101011111
1*	2854	01010111111
1*	2855	10101111111
1*	2856	01011111111
1*	2857	10111111111
1*	2858	01111111111
1	2859	1111111111
0*	2860	11111111110
1*	2861	11111111101
0*	2862	11111111010
1*	2863	11111110101
0*	2864	11111101010
0	2865	11111010100
0*	2866	11110101000
1*	2867	11101010001
1	2868	11010100011
1	2869	10101000111
0*	2870	01010001110
1	2871	10100011101
1	2872	01000111011
0*	2873	10001110110
1*	2874	00011101101
0	2875	00111011010
1*	2876	01110110101
1	2877	11101101011
0	2878	11011010110
1*	2879	10110101101
1*	2880	01101011011
0	2881	11010110110
1	2882	10101101101
1	2883	01011011011
1	2884	10110110111
0*	2885	01101101110
1*	2886	11011011101
1*	2887	10110111011
0	2888	01101110110
0*	2889	11011101100
0*	2890	10111011000
1*	2891	01110110001
0*	2892	11101100010
1	2893	11011000101
1*	2894	10110001011
1	2895	0110001011
1	2896	1100010111
1	2897	1000101111
1*	2898	10001011111
0*	2899	00010111110
0	2900	00101111100
0	2901	01011111000
1	2902	10111110001
1*	2903	01111100011
1	2904	11111000111
1*	2905	11110001111
1*	2906	11100011111
1	2907	11000111111
1	2908	10001111111
0*	2909	00011111110
1*	2910	00111111101
1*	2911	01111111011
1*	2912	11111110111
1*	2913	11111101111
0	2914	11111011110
0	2915	11110111100
0	2916	11101111000
0*	2917	11011110000
0*	2918	10111100000
1	2919	01111000001
1*	2920	11110000011
0	2921	11100000110
1*	2922	11000001101
1	2923	10000011011
0	2924	00000110110
0*	2925	00001101100
1*	2926	00011011001
1	2927	00110110011
0*	2928	01101100110
1*	2929	11011001101
0*	2930	10110011010
0*	2931	01100110100
1*	2932	11001101001
0	2933	10011010010
1*	2934	00110100101
0*	2935	01101001010
0*	2936	11010010100
1*	2937	10100101001
0*	2938	01001010010
0	2939	10010100100
1	2940	00101001001
1*	2941	01010010011
0	2942	10100100110
1*	2943	01001001101
0	2944	10010011010
1	2945	00100110101
1*	2946	01001101011
1*	2947	10011010111
0	2948	00110101110
1	2949	01101011101
0	2950	11010111010
1*	2951	10101110101
0*	2952	01011101010
0*	2953	10111010100
0*	2954	01110101000
0	2955	11101010000
1	2956	11010100001
0*	2957	10101000010
1	2958	01010000101
0	2959	10100001010
1*	2960	01000010101
0*	2961	10000101010
0*	2962	00001010100
1*	2963	000010101001
1*	2964	000101010011
1	2965	00101010011
1*	2966	01010100111
1*	2967	10101001111
1*	2968	01010011111
0*	2969	10100111110
0	2970	01001111100
0*	2971	10011111000
0*	2972	00111110000
1	2973	01111100001
0	2974	11111000010
1*	2975	11110000101
1*	2976	11100001011
0*	2977	111000010110
1*	2978	110000101101
1	2979	10000101101
0*	2980	00001011010
0	2981	00010110100
0	2982	00101101000
0	2983	01011010000
0*	2984	10110100000
1*	2985	01101000001
1	2986	11010000011
0	2987	10100000110
0	2988	01000001100
1*	2989	10000011001
1*	2990	00000110011
0	2991	00001100110
1*	2992	00011001101
1*	2993	00110011011
1*	2994	01100110111
1*	2995	11001101111
1*	2996	10011011111
1	2997	00110111111
1*	2998	01101111111
1*	2999	11011111111
0	3000	10111111110
0*	3001	01111111100
0*	3002	11111111000
1	3003	11111110001
0	3004	11111100010
0	3005	11111000100
1	3006	11110001001
1*	3007	11100010011
1	3008	11000100111
1*	3009	10001001111
1	3010	00010011111
1*	3011	00100111111
1*	3012	01001111111
0*	3013	10011111110
0	3014	00111111100
0*	3015	01111111000
0*	3016	011111110000
1*	3017	111111100001
1*	3018	111111000011
0*	3019	111110000110
0*	3020	111100001100
0*	3021	111000011000
0	3022	11000011000
0*	3023	10000110000
0*	3024	00001100000
0*	3025	00011000000
1*	3026	00110000001
1	3027	01100000011
0	3028	11000000110
0*	3029	10000001100
0*	3030	00000011000
1*	3031	00000110001
1*	3032	00001100011
0*	3033	00011000110
0*	3034	00110001100
1*	3035	01100011001
1*	3036	11000110011
1*	3037	10001100111
1	3038	00011001111
0*	3039	00110011110
1	3040	01100111101
0	3041	11001111010
1	3042	10011110101
0*	3043	00111101010
0	3044	01111010100
1	3045	11110101001
1*	3046	11101010011
0*	3047	11010100110
1*	3048	10101001101
0	3049	01010011010
1*	3050	10100110101
0	3051	01001101010
1*	3052	10011010101
1*	3053	00110101011
1*	3054	01101010111
0	3055	11010101110
0*	3056	10101011100
1*	3057	01010111001
1*	3058	10101110011
0*	3059	01011100110
0*	3060	10111001100
1*	3061	01110011001
1	3062	11100110011
1*	3063	11001100111
0*	3064	10011001110
0	3065	00110011100
0*	3066	01100111000
0*	3067	11001110000
1*	3068	10011100001
0	3069	00111000010
1	3070	01110000101
0	3071	11100001010
1*	3072	11000010101
1	3073	10000101011
1*	3074	00001010111
0	3075	00010101110
1*	3076	00101011101
0*	3077	01010111010
0	3078	10101110100
1*	3079	01011101001
1*	3080	10111010011
0*	3081	01110100110
1*	3082	11101001101
0*	3083	11010011010
0	3084	10100110100
0	3085	01001101000
0*	3086	10011010000
0	3087	00110100000
0	3088	01101000000
1*	3089	11010000001
1*	3090	10100000011
0	3091	01000000110
1	3092	10000001101
0	3093	00000011010
0	3094	00000110100
0*	3095	00001101000
1	3096	00011010001
1*	3097	00110100011
1	3098	01101000111
1	3099	11010001111
0*	3100	10100011110
1	3101	01000111101
1*	3102	10001111011
0	3103	00011110110
0	3104	00111101100
0*	3105	01111011000
1*	3106	11110110001
1	3107	11101100011
1*	3108	11011000111
0	3109	10110001110
1	3110	01100011101
0*	3111	11000111010
0	3112	10001110100
1	3113	00011101001
1*	3114	00111010011
1	3115	01110100111
1*	3116	11101001111
1	3117	11010011111
1	3118	10100111111
0	3119	01001111110
1	3120	10011111101
1*	3121	00111111011
1*	3122	01111110111
0	3123	11111101110
0*	3124	11111011100
0*	3125	111110111000
1*	3126	111101110001
1	3127	11101110001
1	3128	11011100011
1*	3129	10111000111
1	3130	01110001111
0	3131	11100011110
0*	3132	11000111100
0	3133	10001111000
1*	3134	00011110001
1	3135	00111100011
0*	3136	01111000110
0	3137	11110001100
1*	3138	11100011001
0	3139	11000110010
1*	3140	10001100101
0	3141	00011001010
0*	3142	00110010100
1*	3143	01100101001
1*	3144	11001010011
1*	3145	10010100111
0*	3146	00101001110
1*	3147	01010011101
0*	3148	10100111010
1	3149	01001110101
0*	3150	10011101010
0	3151	00111010100
1	3152	01110101001
0	3153	11101010010
0*	3154	11010100100
1	3155	10101001001
0	3156	01010010010
0*	3157	10100100100
1*	3158	01001001001
1*	3159	10010010011
1*	3160	00100100111
0	3161	01001001110
0	3162	10010011100
1*	3163	00100111001
1*	3164	01001110011
1*	3165	10011100111
1*	3166	00111001111
1*	3167	01110011111
1*	3168	11100111111
0*	3169	11001111110
1*	3170	110011111101
0*	3171	100111111010
0	3172	00111111010
1*	3173	01111110101
1	3174	11111101011
0*	3175	11111010110
0	3176	11110101100
0	3177	11101011000
1*	3178	11010110001
1*	3179	10101100011
0	3180	01011000110
1*	3181	10110001101
0*	3182	01100011010
1	3183	11000110101
1*	3184	10001101011
0	3185	00011010110
0*	3186	00110101100
0*	3187	01101011000
0	3188	11010110000
0	3189	10101100000
0*	3190	101011000000
1*	3191	010110000001
0*	3192	101100000010
0*	3193	011000000100
1*	3194	110000001001
1*	3195	100000010011
0*	3196	000000100110
0	3197	00000100110
1*	3198	00001001101
1	3199	00010011011
1	3200	00100110111
1	3201	01001101111
0	3202	10011011110
0	3203	00110111100
0	3204	01101111000
1	3205	11011110001
1	3206	10111100011
1	3207	01111000111
0	3208	11110001110
1	3209	11100011101
1	3210	11000111011
1	3211	10001110111
0*	3212	00011101110
0*	3213	00111011100
1	3214	01110111001
0	3215	11101110010
1	3216	11011100101
1*	3217	10111001011
0*	3218	01110010110
0	3219	11100101100
0	3220	11001011000
1	3221	10010110001
0	3222	00101100010
0*	3223	01011000100
0	3224	10110001000
1	3225	01100010001
1	3226	11000100011
1	3227	10001000111
1	3228	00010001111
1	3229	00100011111
1*	3230	01000111111
1*	3231	010001111111
1*	3232	100011111111
1	3233	00011111111
0*	3234	00111111110
1	3235	01111111101
1	3236	11111111011
0	3237	11111110110
0*	3238	11111101100
1*	3239	11111011001
0*	3240	11110110010
0	3241	11101100100
0	3242	11011001000
0	3243	10110010000
1	3244	01100100001
0*	3245	11001000010
1	3246	10010000101
0	3247	00100001010
0	3248	01000010100
1*	3249	10000101001
1	3250	00001010011
1	3251	00010100111
1	3252	00101001111
0	3253	01010011110
0	3254	10100111100
1	3255	01001111001
0*	3256	10011110010
1	3257	00111100101
1	3258	01111001011
1*	3259	11110010111
1*	3260	11100101111
1	3261	11001011111
1*	3262	10010111111
1*	3263	00101111111
0	3264	01011111110
1*	3265	10111111101
0	3266	01111111010
0	3267	11111110100
0*	3268	11111101000
1*	3269	11111010001
0	3270	11110100010
0	3271	11101000100
0	3272	11010001000
1	3273	10100010001
1*	3274	01000100011
0*	3275	010001000110
1*	3276	100010001101
1*	3277	000100011011
0*	3278	001000110110
1*	3279	010001101101
0*	3280	100011011010
0	3281	00011011010
1*	3282	00110110101
0	3283	01101101010
1	3284	11011010101
1	3285	10110101011
0	3286	01101010110
0	3287	11010101100
1	3288	10101011001
1*	3289	01010110011
0	3290	10101100110
1	3291	01011001101
1	3292	10110011011
0	3293	01100110110
1*	3294	11001101101
1*	3295	10011011011
1	3296	00110110111
1	3297	01101101111
1	3298	11011011111
1*	3299	10110111111
0	3300	01101111110
1	3301	11011111101
0*	3302	10111111010
0	3303	01111110100
1	3304	11111101001
1	3305	11111010011
1*	3306	11110100111
0	3307	11101001110
1	3308	11010011101
1	3309	10100111011
1	3310	01001110111
0	3311	10011101110
1	3312	00111011101
0*	3313	01110111010
0*	3314	11101110100
0*	3315	11011101000
1*	3316	10111010001
1	3317	01110100011
0	3318	11101000110
1	3319	11010001101
0	3320	10100011010
0*	3321	01000110100
1	3322	10001101001
0*	3323	00011010010
0	3324	00110100100
1	3325	01101001001
0	3326	11010010010
1	3327	10100100101
1*	3328	01001001011
1*	3329	10010010111
0*	3330	00100101110
0*	3331	01001011100
0*	3332	10010111000
0*	3333	00101110000
0	3334	01011100000
1*	3335	10111000001
0	3336	01110000010
0*	3337	11100000100
1	3338	11000001001
1	3339	10000010011
1*	3340	100000100111
0*	3341	000001001110
1*	3342	000010011101
0*	3343	000100111010
0*	3344	001001110100
1*	3345	010011101001
1	3346	10011101001
0	3347	00111010010
1*	3348	01110100101
0	3349	11101001010
1	3350	11010010101
0	3351	10100101010
0	3352	01001010100
0*	3353	10010101000
0	3354	00101010000
0*	3355	01010100000
0	3356	10101000000
0*	3357	01010000000
0*	3358	10100000000
0	3359	01000000000
0*	3360	10000000000
0	3361	0000000000
0*	3362	00000000000
1	3363	00000000001
1*	3364	00000000011
1	3365	00000000111
0	3366	00000001110
1	3367	00000011101
1	3368	00000111011
0*	3369	00001110110
0	3370	00011101100
0	3371	00111011000
0	3372	01110110000
1*	3373	11101100001
1	3374	11011000011
0	3375	10110000110
0	3376	01100001100
0*	3377	011000011000
1*	3378	110000110001
1	3379	10000110001
0	3380	00001100010
1	3381	00011000101
1*	3382	00110001011
0*	3383	01100010110
1	3384	11000101101
1*	3385	10001011011
0*	3386	00010110110
0	3387	00101101100
1	3388	01011011001
1*	3389	10110110011
1	3390	01101100111
0*	3391	11011001110
0*	3392	10110011100
1	3393	01100111001
1*	3394	11001110011
0	3395	10011100110
0*	3396	00111001100
0	3397	01110011000
1	3398	11100110001
1*	3399	11001100011
0*	3400	10011000110
1	3401	00110001101
1	3402	01100011011
0	3403	11000110110
0	3404	10001101100
0	3405	00011011000
0*	3406	00110110000
0	3407	01101100000
0*	3408	11011000000
0	3409	10110000000
1*	3410	01100000001
0	3411	11000000010
0	3412	10000000100
0*	3413	00000001000
1*	3414	00000010001
0	3415	00000100010
1	3416	00001000101
1	3417	00010001011
1*	3418	00100010111
0*	3419	01000101110
0*	3420	10001011100
0	3421	00010111000
1	3422	00101110001
1*	3423	01011100011
0	3424	10111000110
0	3425	01110001100
0	3426	11100011000
0*	3427	11000110000
0*	3428	10001100000
1	3429	00011000001
1	3430	00110000011
1*	3431	01100000111
1	3432	11000001111
1*	3433	10000011111
1	3434	00000111111
1	3435	00001111111
1*	3436	000011111111
0*	3437	000111111110
0*	3438	001111111100
0*	3439	011111111000
1*	3440	111111110001
1*	3441	111111100011
0*	3442	111111000110
1*	3443	111110001101
0*	3444	111100011010
0*	3445	111000110100
1*	3446	110001101001
0*	3447	100011010010
0*	3448	000110100100
1*	3449	001101001001
0*	3450	011010010010
1*	3451	110100100101
1*	3452	101001001011
0*	3453	010010010110
0	3454	10010010110
1*	3455	00100101101
1	3456	01001011011
1	3457	10010110111
1*	3458	00101101111
0*	3459	01011011110
1	3460	10110111101
1	3461	01101111011
0	3462	11011110110
0	3463	10111101100
1	3464	01111011001
1	3465	11110110011
0*	3466	11101100110
0	3467	11011001100
1	3468	10110011001
1	3469	01100110011
0	3470	11001100110
1	3471	10011001101
0	3472	00110011010
1	3473	01100110101
1*	3474	11001101011
0	3475	10011010110
1	3476	00110101101
0	3477	01101011010
1*	3478	11010110101
1	3479	10101101011
0	3480	01011010110
0	3481	10110101100
1	3482	01101011001
1	3483	11010110011
0*	3484	110101100110
0*	3485	101011001100
1*	3486	010110011001
1*	3487	101100110011
0*	3488	011001100110
1*	3489	110011001101
1*	3490	100110011011
0*	3491	001100110110
0*	3492	011001101100
0	3493	11001101100
0	3494	10011011000
1	3495	00110110001
1	3496	01101100011
0	3497	11011000110
0	3498	10110001100
0	3499	01100011000
1	3500	11000110001
1	3501	10001100011
1	3502	00011000111
1*	3503	00110001111
0	3504	01100011110
1	3505	11000111101
0	3506	10001111010
1*	3507	00011110101
1	3508	00111101011
1	3509	01111010111
0*	3510	11110101110
0	3511	11101011100
1	3512	11010111001
0	3513	10101110010
0*	3514	01011100100
0	3515	10111001000
1*	3516	01110010001
0*	3517	11100100010
0*	3518	11001000100
0	3519	10010001000
1	3520	00100010001
0	3521	01000100010
0	3522	10001000100
1	3523	00010001001
1	3524	00100010011
1*	3525	01000100111
0	3526	10001001110
0	3527	00010011100
0	3528	00100111000
0	3529	01001110000
0	3530	10011100000
0	3531	00111000000
1*	3532	01110000001
0	3533	11100000010
1	3534	11000000101
1*	3535	10000001011
0*	3536	00000010110
1	3537	00000101101
1	3538	00001011011
1	3539	00010110111
0	3540	00101101110
1	3541	01011011101
0	3542	10110111010
0	3543	01101110100
1	3544	11011101001
0	3545	10111010010
0	3546	01110100100
0	3547	11101001000
0	3548	11010010000
1	3549	10100100001
1	3550	01001000011
0*	3551	10010000110
0*	3552	00100001100
0	3553	01000011000
0*	3554	010000110000
0*	3555	100001100000
1*	3556	000011000001
0*	3557	000110000010
0*	3558	001100000100
0*	3559	011000001000
0*	3560	110000010000
1*	3561	100000100001
1	3562	00000100001
1	3563	00001000011
0	3564	00010000110
1	3565	00100001101
1*	3566	01000011011
0	3567	10000110110
1	3568	00001101101
1*	3569	000011011011
0*	3570	000110110110
0*	3571	001101101100
0*	3572	011011011000
0*	3573	110110110000
1*	3574	101101100001
1*	3575	011011000011
1*	3576	110110000111
1*	3577	101100001111
1*	3578	011000011111
1	3579	11000011111
0	3580	10000111110
1	3581	00001111101
1	3582	00011111011
0*	3583	00111110110
1*	3584	01111101101
1	3585	11111011011
1*	3586	11110110111
0	3587	11101101110
0	3588	11011011100
1	3589	10110111001
1	3590	01101110011
0	3591	11011100110
1	3592	10111001101
0*	3593	01110011010
0	3594	11100110100
0	3595	11001101000
1	3596	10011010001
0	3597	00110100010
1	3598	01101000101
1	3599	11010001011
0*	3600	10100010110
1*	3601	01000101101
0	3602	10001011010
0*	3603	100010110100
0*	3604	000101101000
0*	3605	001011010000
0*	3606	010110100000
1*	3607	101101000001
0*	3608	011010000010
0*	3609	110100000100
1*	3610	101000001001
1*	3611	010000010011
0	3612	100000100110
1*	3613	000001001101
0*	3614	000010011010
0*	3615	000100110100
0*	3616	001001101000
1*	3617	010011010001
1*	3618	100110100011
0*	3619	001101000110
1*	3620	011010001101
0*	3621	110100011010
1*	3622	101000110101
1	3623	01000110101
0	3624	10001101010
1	3625	00011010101
0	3626	00110101010
1*	3627	01101010101
1	3628	11010101011
1	3629	10101010111
0	3630	01010101110
1	3631	10101011101
1	3632	01010111011
0	3633	10101110110
1*	3634	01011101101
0*	3635	10111011010
0	3636	01110110100
1	3637	11101101001
0	3638	11011010010
1	3639	10110100101
1	3640	01101001011
1	3641	11010010111
1*	3642	10100101111
0*	3643	01001011110
0*	3644	010010111100
1*	3645	100101111001
1*	3646	001011110011
0*	3647	010111100110
0*	3648	101111001100
0*	3649	011110011000
1*	3650	111100110001
1*	3651	111001100011
0*	3652	110011000110
1*	3653	100110001101
0*	3654	001100011010
1*	3655	011000110101
0*	3656	110001101010
0*	3657	100011010100
1*	3658	000110101001
1	3659	00110101001
1*	3660	01101010011
1	3661	11010100111
0	3662	10101001110
0	3663	01010011100
1	3664	10100111001
0	3665	01001110010
0*	3666	10011100100
0	3667	00111001000
0	3668	01110010000
0*	3669	11100100000
0	3670	11001000000
1	3671	10010000001
0	3672	00100000010
1*	3673	01000000101
0	3674	10000001010
1	3675	00000010101
0*	3676	00000101010
1	3677	00001010101
0	3678	00010101010
1*	3679	00101010101
0	3680	01010101010
1	3681	10101010101
1*	3682	101010101011
1*	3683	010101010111
1*	3684	101010101111
1*	3685	010101011111
1	3686	10101011111
0	3687	01010111110
1	3688	10101111101
0	3689	01011111010
0	3690	10111110100
0	3691	01111101000
0	3692	11111010000
0*	3693	11110100000
0	3694	11101000000
0	3695	11010000000
1	3696	10100000001
1	3697	01000000011
0	3698	10000000110
0	3699	00000001100
1	3700	00000011001
0	3701	00000110010
0	3702	00001100100
1*	3703	00011001001
0*	3704	00110010010
0*	3705	01100100100
1	3706	11001001001
0	3707	10010010010
0*	3708	00100100100
0	3709	01001001000
1	3710	10010010001
1	3711	00100100011
0	3712	01001000110
1*	3713	10010001101
0	3714	00100011010
1*	3715	001000110101
1*	3716	010001101011
0*	3717	100011010110
1*	3718	000110101101
1*	3719	001101011011
0*	3720	011010110110
0*	3721	110101101100
0*	3722	101011011000
0*	3723	010110110000
0	3724	101101100000
0*	3725	011011000000
1*	3726	110110000001
1	3727	101100000011
1*	3728	011000000111
0*	3729	110000001110
0*	3730	100000011100
1*	3731	000000111001
1*	3732	000001110011
1	3733	00001110011
1*	3734	00011100111
0	3735	00111001110
0	3736	01110011100
0*	3737	11100111000
1	3738	11001110001
0	3739	10011100010
0	3740	00111000100
0*	3741	01110001000
0	3742	11100010000
0	3743	11000100000
1	3744	10001000001
1	3745	00010000011
1	3746	00100000111
1	3747	01000001111
0	3748	10000011110
1	3749	00000111101
0	3750	00001111010
0	3751	00011110100
1	3752	00111101001
1	3753	01111010011
0	3754	11110100110
0	3755	11101001100
0*	3756	11010011000
1*	3757	10100110001
1*	3758	01001100011
1	3759	10011000111
0	3760	00110001110
1*	3761	001100011101
0*	3762	011000111010
1*	3763	110001110101
1*	3764	100011101011
0*	3765	000111010110
0	3766	00111010110
1	3767	01110101101
0	3768	11101011010
0	3769	11010110100
1	3770	10101101001
1	3771	01011010011
0	3772	10110100110
1*	3773	01101001101
1	3774	11010011011
0	3775	10100110110
1	3776	01001101101
0	3777	10011011010
0	3778	00110110100
0	3779	01101101000
0	3780	11011010000
1	3781	10110100001
1*	3782	101101000011
0*	3783	011010000110
0*	3784	110100001100
0*	3785	101000011000
1	3786	010000110001
1*	3787	100001100011
1*	3788	000011000111
0*	3789	000110001110
0	3790	001100011100
1*	3791	011000111001
0*	3792	110001110010
0*	3793	100011100100
0*	3794	000111001000
0*	3795	001110010000
0*	3796	011100100000
0*	3797	111001000000
0*	3798	110010000000
1*	3799	100100000001
0*	3800	001000000010
1*	3801	010000000101
0*	3802	100000001010
1*	3803	000000010101
0*	3804	000000101010
1*	3805	000001010101
1*	3806	000010101011
0*	3807	000101010110
1*	3808	001010101101
1*	3809	010101011011
0*	3810	101010110110
1*	3811	010101101101
0*	3812	101011011010
0*	3813	010110110100
1*	3814	101101101001
0*	3815	011011010010
0*	3816	110110100100
0*	3817	101101001000
1*	3818	011010010001
1*	3819	110100100011
0*	3820	101001000110
1*	3821	010010001101
1*	3822	100100011011
1	3823	001000110111
0*	3824	010001101110
0*	3825	100011011100
0*	3826	000110111000
0	3827	00110111000
0	3828	01101110000
0	3829	11011100000
0	3830	10111000000
0	3831	01110000000
0	3832	11100000000
1*	3833	11000000001
0	3834	10000000010
1*	3835	00000000101
1	3836	00000001011
1	3837	00000010111
0	3838	00000101110
1	3839	00001011101
1*	3840	00010111011
0*	3841	00101110110
0	3842	01011101100
1	3843	10111011001
1	3844	01110110011
1	3845	11101100111
1	3846	11011001111
1	3847	10110011111
1*	3848	01100111111
1	3849	11001111111
1	3850	10011111111
1	3851	00111111111
0	3852	01111111110
0	3853	11111111100
1	3854	11111111001
1*	3855	11111110011
0*	3856	11111100110
1	3857	11111001101
1	3858	11110011011
1*	3859	11100110111
0	3860	11001101110
0	3861	10011011100
1*	3862	100110111001
1*	3863	001101110011
1*	3864	011011100111
1*	3865	110111001111
1	3866	10111001111
0	3867	01110011110
0	3868	11100111100
1	3869	11001111001
1	3870	10011110011
1	3871	00111100111
0	3872	01111001110
0*	3873	11110011100
1	3874	11100111001
0	3875	11001110010
1	3876	10011100101
0	3877	00111001010
1*	3878	01110010101
1*	3879	11100101011
1*	3880	11001010111
0	3881	10010101110
0	3882	00101011100
0	3883	01010111000
1	3884	10101110001
0	3885	01011100010
0	3886	10111000100
1	3887	01110001001
0	3888	11100010010
1	3889	11000100101
1	3890	10001001011
0*	3891	00010010110
0	3892	00100101100
1	3893	01001011001
0	3894	10010110010
0*	3895	00101100100
1	3896	01011001001
0	3897	10110010010
1	3898	01100100101
1	3899	11001001011
1*	3900	110010010111
1*	3901	100100101111
1	3902	00100101111
1	3903	01001011111
0	3904	10010111110
0*	3905	100101111100
0*	3906	001011111000
0*	3907	010111110000
0*	3908	101111100000
1*	3909	011111000001
1	3910	11111000001
0	3911	11110000010
1	3912	11100000101
1*	3913	11000001011
1*	3914	110000010111
0*	3915	100000101110
0*	3916	000001011100
1*	3917	000010111001
0*	3918	000101110010
0*	3919	00101110010
1	3920	01011100101
0	3921	10111001010
0	3922	01110010100
1	3923	11100101001
0	3924	11001010010
0*	3925	110010100100
1*	3926	100101001001
0*	3927	001010010010
1*	3928	010100100101
0	3929	101001001010
0	3930	01001001010
0	3931	10010010100
1*	3932	00100101001
1	3933	01001010011
0	3934	10010100110
0	3935	00101001100
0*	3936	01010011000
0	3937	10100110000
1*	3938	01001100001
0	3939	10011000010
1*	3940	00110000101
0	3941	01100001010
0	3942	11000010100
0	3943	10000101000
1	3944	00001010001
0*	3945	00010100010
0*	3946	00101000100
1	3947	01010001001
1	3948	10100010011
0	3949	01000100110
0	3950	10001001100
0*	3951	00010011000
0*	3952	00100110000
0	3953	01001100000
0	3954	10011000000
0	3955	00110000000
0	3956	01100000000
0	3957	11000000000
1	3958	10000000001
0	3959	00000000010
0	3960	00000000100
1	3961	00000001001
0	3962	00000010010
1	3963	00000100101
0*	3964	00001001010
0	3965	00010010100
0	3966	00100101000
1	3967	01001010001
1*	3968	10010100011
1*	3969	00101000111
1	3970	01010001111
1	3971	10100011111
0	3972	01000111110
0	3973	10001111100
1	3974	00011111001
0*	3975	00111110010
1	3976	01111100101
0*	3977	11111001010
1	3978	11110010101
0	3979	11100101010
0*	3980	11001010100
1	3981	10010101001
1*	3982	100101010011
1*	3983	001010100111
1*	3984	010101001111
0*	3985	101010011110
1*	3986	010100111101
1*	3987	101001111011
1*	3988	010011110111
1*	3989	100111101111
1*	3990	001111011111
1*	3991	011110111111
0*	3992	111101111110
1*	3993	111011111101
0*	3994	110111111010
1*	3995	101111110101
1*	3996	011111101011
0*	3997	111111010110
1*	3998	111110101101
1*	3999	111101011011
1*	4000	111010110111
0*	4001	110101101110
0*	4002	101011011100
0*	4003	010110111000
1*	4004	101101110001
0*	4005	011011100010
0*	4006	110111000100
0*	4007	101110001000
0*	4008	011100010000
1*	4009	111000100001
1*	4010	110001000011
1*	4011	100010000111
0*	4012	000100001110
0*	4013	001000011100
0*	4014	010000111000
0	4015	100001110000
1*	4016	000011100001
1*	4017	000111000011
0*	4018	001110000110
0*	4019	011100001100
1	4020	111000011001
0*	4021	110000110010
1*	4022	100001100101
0*	4023	000011001010
1*	4024	000110010101
1	4025	00110010101
1*	4026	01100101011
0	4027	11001010110
0	4028	10010101100
0*	4029	00101011000
1	4030	01010110001
0	4031	10101100010
1	4032	01011000101
0	4033	10110001010
1*	4034	01100010101
1	4035	11000101011
0	4036	10001010110
0*	4037	00010101100
1	4038	00101011001
0	4039	01010110010
1	4040	10101100101
0*	4041	01011001010
1*	4042	10110010101
0	4043	01100101010
1	4044	11001010101
0	4045	10010101010
0	4046	00101010100
0	4047	01010101000
1*	4048	10101010001
0	4049	01010100010
1	4050	10101000101
0*	4051	01010001010
0	4052	10100010100
0	4053	01000101000
0*	4054	10001010000
1	4055	00010100001
1	4056	00101000011
0*	4057	01010000110
1	4058	10100001101
0	4059	01000011010
0	4060	10000110100
1	4061	00001101001
1	4062	00011010011
0	4063	00110100110
0	4064	01101001100
1	4065	11010011001
1*	4066	10100110011
1	4067	01001100111
1	4068	10011001111
1	4069	00110011111
0	4070	01100111110
0*	4071	11001111100
1	4072	10011111001
1	4073	00111110011
1	4074	01111100111
1*	4075	11111001111
1	4076	11110011111
0	4077	11100111110
1	4078	11001111101
1	4079	10011111011
1	4080	00111110111
0	4081	01111101110
1	4082	11111011101
0	4083	11110111010
1	4084	11101110101
0	4085	11011101010
1	4086	10111010101
1	4087	01110101011
0*	4088	011101010110
1*	4089	111010101101
1*	4090	110101011011
1	4091	101010110111
1	4092	01010110111
1	4093	10101101111
1	4094	01011011111
0	4095	10110111110
1	4096	01101111101
